Electoral District Number/Numéro de circonscription,Electoral District Name_English/Nom de circonscription_Anglais,Electoral District Name_French/Nom de circonscription_Français,Polling Station Number/Numéro du bureau de scrutin,Polling Station Name/Nom du bureau de scrutin,Void Poll Indicator/Indicateur de bureau supprimé,No Poll Held Indicator/Indicateur de bureau sans scrutin,Merge With/Fusionné avec,Rejected Ballots for Polling Station/Bulletins rejetés du bureau,Electors for Polling Station/Électeurs du bureau,Candidate’s Family Name/Nom de famille du candidat,Candidate’s Middle Name/Second prénom du candidat,Candidate’s First Name/Prénom du candidat,Political Affiliation Name_English/Appartenance politique_Anglais,Political Affiliation Name_French/Appartenance politique_Français,Incumbent Indicator/Indicateur_Candidat sortant,Elected Candidate Indicator/Indicateur du candidat élu,Candidate Poll Votes Count/Votes du candidat pour le bureau
35063,"Mississauga--Streetsville","Mississauga--Streetsville"," 1","Mississauga",N,N,"",2,546,"Girguis","","Samir","NDP-New Democratic Party","NPD-Nouveau Parti démocratique",N,N,30
35063,"Mississauga--Streetsville","Mississauga--Streetsville"," 1","Mississauga",N,N,"",2,546,"Hill","","Chris","Green Party","Parti Vert",N,N,6
35063,"Mississauga--Streetsville","Mississauga--Streetsville"," 1","Mississauga",N,N,"",2,546,"McIver","","Thomas","People's Party","Parti populaire",N,N,1
35063,"Mississauga--Streetsville","Mississauga--Streetsville"," 1","Mississauga",N,N,"",2,546,"Melek","","Ghada","Conservative","Conservateur",N,N,104
35063,"Mississauga--Streetsville","Mississauga--Streetsville"," 1","Mississauga",N,N,"",2,546,"Sikand","","Gagan","Liberal","Libéral",Y,Y,108
35063,"Mississauga--Streetsville","Mississauga--Streetsville"," 1","Mississauga",N,N,"",2,546,"Spizzirri","","Natalie","Animal Protection Party","Parti Protection Animaux",N,N,0
35063,"Mississauga--Streetsville","Mississauga--Streetsville"," 2","Mississauga",N,N,"",0,432,"Girguis","","Samir","NDP-New Democratic Party","NPD-Nouveau Parti démocratique",N,N,19
35063,"Mississauga--Streetsville","Mississauga--Streetsville"," 2","Mississauga",N,N,"",0,432,"Hill","","Chris","Green Party","Parti Vert",N,N,3
35063,"Mississauga--Streetsville","Mississauga--Streetsville"," 2","Mississauga",N,N,"",0,432,"McIver","","Thomas","People's Party","Parti populaire",N,N,4
35063,"Mississauga--Streetsville","Mississauga--Streetsville"," 2","Mississauga",N,N,"",0,432,"Melek","","Ghada","Conservative","Conservateur",N,N,54
35063,"Mississauga--Streetsville","Mississauga--Streetsville"," 2","Mississauga",N,N,"",0,432,"Sikand","","Gagan","Liberal","Libéral",Y,Y,114
35063,"Mississauga--Streetsville","Mississauga--Streetsville"," 2","Mississauga",N,N,"",0,432,"Spizzirri","","Natalie","Animal Protection Party","Parti Protection Animaux",N,N,4
35063,"Mississauga--Streetsville","Mississauga--Streetsville"," 3","Mississauga",N,N,"",4,533,"Girguis","","Samir","NDP-New Democratic Party","NPD-Nouveau Parti démocratique",N,N,33
35063,"Mississauga--Streetsville","Mississauga--Streetsville"," 3","Mississauga",N,N,"",4,533,"Hill","","Chris","Green Party","Parti Vert",N,N,12
35063,"Mississauga--Streetsville","Mississauga--Streetsville"," 3","Mississauga",N,N,"",4,533,"McIver","","Thomas","People's Party","Parti populaire",N,N,3
35063,"Mississauga--Streetsville","Mississauga--Streetsville"," 3","Mississauga",N,N,"",4,533,"Melek","","Ghada","Conservative","Conservateur",N,N,70
35063,"Mississauga--Streetsville","Mississauga--Streetsville"," 3","Mississauga",N,N,"",4,533,"Sikand","","Gagan","Liberal","Libéral",Y,Y,128
35063,"Mississauga--Streetsville","Mississauga--Streetsville"," 3","Mississauga",N,N,"",4,533,"Spizzirri","","Natalie","Animal Protection Party","Parti Protection Animaux",N,N,1
35063,"Mississauga--Streetsville","Mississauga--Streetsville"," 4","Mississauga",N,N,"",0,406,"Girguis","","Samir","NDP-New Democratic Party","NPD-Nouveau Parti démocratique",N,N,21
35063,"Mississauga--Streetsville","Mississauga--Streetsville"," 4","Mississauga",N,N,"",0,406,"Hill","","Chris","Green Party","Parti Vert",N,N,7
35063,"Mississauga--Streetsville","Mississauga--Streetsville"," 4","Mississauga",N,N,"",0,406,"McIver","","Thomas","People's Party","Parti populaire",N,N,0
35063,"Mississauga--Streetsville","Mississauga--Streetsville"," 4","Mississauga",N,N,"",0,406,"Melek","","Ghada","Conservative","Conservateur",N,N,61
35063,"Mississauga--Streetsville","Mississauga--Streetsville"," 4","Mississauga",N,N,"",0,406,"Sikand","","Gagan","Liberal","Libéral",Y,Y,121
35063,"Mississauga--Streetsville","Mississauga--Streetsville"," 4","Mississauga",N,N,"",0,406,"Spizzirri","","Natalie","Animal Protection Party","Parti Protection Animaux",N,N,0
35063,"Mississauga--Streetsville","Mississauga--Streetsville"," 5","Mississauga",N,N,"",3,585,"Girguis","","Samir","NDP-New Democratic Party","NPD-Nouveau Parti démocratique",N,N,28
35063,"Mississauga--Streetsville","Mississauga--Streetsville"," 5","Mississauga",N,N,"",3,585,"Hill","","Chris","Green Party","Parti Vert",N,N,10
35063,"Mississauga--Streetsville","Mississauga--Streetsville"," 5","Mississauga",N,N,"",3,585,"McIver","","Thomas","People's Party","Parti populaire",N,N,1
35063,"Mississauga--Streetsville","Mississauga--Streetsville"," 5","Mississauga",N,N,"",3,585,"Melek","","Ghada","Conservative","Conservateur",N,N,88
35063,"Mississauga--Streetsville","Mississauga--Streetsville"," 5","Mississauga",N,N,"",3,585,"Sikand","","Gagan","Liberal","Libéral",Y,Y,161
35063,"Mississauga--Streetsville","Mississauga--Streetsville"," 5","Mississauga",N,N,"",3,585,"Spizzirri","","Natalie","Animal Protection Party","Parti Protection Animaux",N,N,0
35063,"Mississauga--Streetsville","Mississauga--Streetsville"," 6","Mississauga",N,N,"",4,558,"Girguis","","Samir","NDP-New Democratic Party","NPD-Nouveau Parti démocratique",N,N,33
35063,"Mississauga--Streetsville","Mississauga--Streetsville"," 6","Mississauga",N,N,"",4,558,"Hill","","Chris","Green Party","Parti Vert",N,N,19
35063,"Mississauga--Streetsville","Mississauga--Streetsville"," 6","Mississauga",N,N,"",4,558,"McIver","","Thomas","People's Party","Parti populaire",N,N,4
35063,"Mississauga--Streetsville","Mississauga--Streetsville"," 6","Mississauga",N,N,"",4,558,"Melek","","Ghada","Conservative","Conservateur",N,N,109
35063,"Mississauga--Streetsville","Mississauga--Streetsville"," 6","Mississauga",N,N,"",4,558,"Sikand","","Gagan","Liberal","Libéral",Y,Y,133
35063,"Mississauga--Streetsville","Mississauga--Streetsville"," 6","Mississauga",N,N,"",4,558,"Spizzirri","","Natalie","Animal Protection Party","Parti Protection Animaux",N,N,2
35063,"Mississauga--Streetsville","Mississauga--Streetsville"," 7","Mississauga",N,N,"",2,596,"Girguis","","Samir","NDP-New Democratic Party","NPD-Nouveau Parti démocratique",N,N,29
35063,"Mississauga--Streetsville","Mississauga--Streetsville"," 7","Mississauga",N,N,"",2,596,"Hill","","Chris","Green Party","Parti Vert",N,N,12
35063,"Mississauga--Streetsville","Mississauga--Streetsville"," 7","Mississauga",N,N,"",2,596,"McIver","","Thomas","People's Party","Parti populaire",N,N,2
35063,"Mississauga--Streetsville","Mississauga--Streetsville"," 7","Mississauga",N,N,"",2,596,"Melek","","Ghada","Conservative","Conservateur",N,N,119
35063,"Mississauga--Streetsville","Mississauga--Streetsville"," 7","Mississauga",N,N,"",2,596,"Sikand","","Gagan","Liberal","Libéral",Y,Y,151
35063,"Mississauga--Streetsville","Mississauga--Streetsville"," 7","Mississauga",N,N,"",2,596,"Spizzirri","","Natalie","Animal Protection Party","Parti Protection Animaux",N,N,0
35063,"Mississauga--Streetsville","Mississauga--Streetsville"," 8","Mississauga",N,N,"",1,399,"Girguis","","Samir","NDP-New Democratic Party","NPD-Nouveau Parti démocratique",N,N,21
35063,"Mississauga--Streetsville","Mississauga--Streetsville"," 8","Mississauga",N,N,"",1,399,"Hill","","Chris","Green Party","Parti Vert",N,N,9
35063,"Mississauga--Streetsville","Mississauga--Streetsville"," 8","Mississauga",N,N,"",1,399,"McIver","","Thomas","People's Party","Parti populaire",N,N,1
35063,"Mississauga--Streetsville","Mississauga--Streetsville"," 8","Mississauga",N,N,"",1,399,"Melek","","Ghada","Conservative","Conservateur",N,N,92
35063,"Mississauga--Streetsville","Mississauga--Streetsville"," 8","Mississauga",N,N,"",1,399,"Sikand","","Gagan","Liberal","Libéral",Y,Y,113
35063,"Mississauga--Streetsville","Mississauga--Streetsville"," 8","Mississauga",N,N,"",1,399,"Spizzirri","","Natalie","Animal Protection Party","Parti Protection Animaux",N,N,1
35063,"Mississauga--Streetsville","Mississauga--Streetsville"," 9","Mississauga",N,N,"",1,553,"Girguis","","Samir","NDP-New Democratic Party","NPD-Nouveau Parti démocratique",N,N,39
35063,"Mississauga--Streetsville","Mississauga--Streetsville"," 9","Mississauga",N,N,"",1,553,"Hill","","Chris","Green Party","Parti Vert",N,N,9
35063,"Mississauga--Streetsville","Mississauga--Streetsville"," 9","Mississauga",N,N,"",1,553,"McIver","","Thomas","People's Party","Parti populaire",N,N,0
35063,"Mississauga--Streetsville","Mississauga--Streetsville"," 9","Mississauga",N,N,"",1,553,"Melek","","Ghada","Conservative","Conservateur",N,N,98
35063,"Mississauga--Streetsville","Mississauga--Streetsville"," 9","Mississauga",N,N,"",1,553,"Sikand","","Gagan","Liberal","Libéral",Y,Y,108
35063,"Mississauga--Streetsville","Mississauga--Streetsville"," 9","Mississauga",N,N,"",1,553,"Spizzirri","","Natalie","Animal Protection Party","Parti Protection Animaux",N,N,3
35063,"Mississauga--Streetsville","Mississauga--Streetsville"," 10","Mississauga",N,N,"",1,485,"Girguis","","Samir","NDP-New Democratic Party","NPD-Nouveau Parti démocratique",N,N,28
35063,"Mississauga--Streetsville","Mississauga--Streetsville"," 10","Mississauga",N,N,"",1,485,"Hill","","Chris","Green Party","Parti Vert",N,N,5
35063,"Mississauga--Streetsville","Mississauga--Streetsville"," 10","Mississauga",N,N,"",1,485,"McIver","","Thomas","People's Party","Parti populaire",N,N,3
35063,"Mississauga--Streetsville","Mississauga--Streetsville"," 10","Mississauga",N,N,"",1,485,"Melek","","Ghada","Conservative","Conservateur",N,N,88
35063,"Mississauga--Streetsville","Mississauga--Streetsville"," 10","Mississauga",N,N,"",1,485,"Sikand","","Gagan","Liberal","Libéral",Y,Y,150
35063,"Mississauga--Streetsville","Mississauga--Streetsville"," 10","Mississauga",N,N,"",1,485,"Spizzirri","","Natalie","Animal Protection Party","Parti Protection Animaux",N,N,0
35063,"Mississauga--Streetsville","Mississauga--Streetsville"," 11","Mississauga",N,N,"",1,450,"Girguis","","Samir","NDP-New Democratic Party","NPD-Nouveau Parti démocratique",N,N,27
35063,"Mississauga--Streetsville","Mississauga--Streetsville"," 11","Mississauga",N,N,"",1,450,"Hill","","Chris","Green Party","Parti Vert",N,N,11
35063,"Mississauga--Streetsville","Mississauga--Streetsville"," 11","Mississauga",N,N,"",1,450,"McIver","","Thomas","People's Party","Parti populaire",N,N,1
35063,"Mississauga--Streetsville","Mississauga--Streetsville"," 11","Mississauga",N,N,"",1,450,"Melek","","Ghada","Conservative","Conservateur",N,N,77
35063,"Mississauga--Streetsville","Mississauga--Streetsville"," 11","Mississauga",N,N,"",1,450,"Sikand","","Gagan","Liberal","Libéral",Y,Y,126
35063,"Mississauga--Streetsville","Mississauga--Streetsville"," 11","Mississauga",N,N,"",1,450,"Spizzirri","","Natalie","Animal Protection Party","Parti Protection Animaux",N,N,0
35063,"Mississauga--Streetsville","Mississauga--Streetsville"," 12","Mississauga",N,N,"",0,454,"Girguis","","Samir","NDP-New Democratic Party","NPD-Nouveau Parti démocratique",N,N,20
35063,"Mississauga--Streetsville","Mississauga--Streetsville"," 12","Mississauga",N,N,"",0,454,"Hill","","Chris","Green Party","Parti Vert",N,N,3
35063,"Mississauga--Streetsville","Mississauga--Streetsville"," 12","Mississauga",N,N,"",0,454,"McIver","","Thomas","People's Party","Parti populaire",N,N,0
35063,"Mississauga--Streetsville","Mississauga--Streetsville"," 12","Mississauga",N,N,"",0,454,"Melek","","Ghada","Conservative","Conservateur",N,N,75
35063,"Mississauga--Streetsville","Mississauga--Streetsville"," 12","Mississauga",N,N,"",0,454,"Sikand","","Gagan","Liberal","Libéral",Y,Y,108
35063,"Mississauga--Streetsville","Mississauga--Streetsville"," 12","Mississauga",N,N,"",0,454,"Spizzirri","","Natalie","Animal Protection Party","Parti Protection Animaux",N,N,0
35063,"Mississauga--Streetsville","Mississauga--Streetsville"," 13","Mississauga",N,N,"",1,381,"Girguis","","Samir","NDP-New Democratic Party","NPD-Nouveau Parti démocratique",N,N,18
35063,"Mississauga--Streetsville","Mississauga--Streetsville"," 13","Mississauga",N,N,"",1,381,"Hill","","Chris","Green Party","Parti Vert",N,N,6
35063,"Mississauga--Streetsville","Mississauga--Streetsville"," 13","Mississauga",N,N,"",1,381,"McIver","","Thomas","People's Party","Parti populaire",N,N,1
35063,"Mississauga--Streetsville","Mississauga--Streetsville"," 13","Mississauga",N,N,"",1,381,"Melek","","Ghada","Conservative","Conservateur",N,N,51
35063,"Mississauga--Streetsville","Mississauga--Streetsville"," 13","Mississauga",N,N,"",1,381,"Sikand","","Gagan","Liberal","Libéral",Y,Y,86
35063,"Mississauga--Streetsville","Mississauga--Streetsville"," 13","Mississauga",N,N,"",1,381,"Spizzirri","","Natalie","Animal Protection Party","Parti Protection Animaux",N,N,1
35063,"Mississauga--Streetsville","Mississauga--Streetsville"," 14","Mississauga",N,N,"",1,451,"Girguis","","Samir","NDP-New Democratic Party","NPD-Nouveau Parti démocratique",N,N,24
35063,"Mississauga--Streetsville","Mississauga--Streetsville"," 14","Mississauga",N,N,"",1,451,"Hill","","Chris","Green Party","Parti Vert",N,N,7
35063,"Mississauga--Streetsville","Mississauga--Streetsville"," 14","Mississauga",N,N,"",1,451,"McIver","","Thomas","People's Party","Parti populaire",N,N,4
35063,"Mississauga--Streetsville","Mississauga--Streetsville"," 14","Mississauga",N,N,"",1,451,"Melek","","Ghada","Conservative","Conservateur",N,N,62
35063,"Mississauga--Streetsville","Mississauga--Streetsville"," 14","Mississauga",N,N,"",1,451,"Sikand","","Gagan","Liberal","Libéral",Y,Y,123
35063,"Mississauga--Streetsville","Mississauga--Streetsville"," 14","Mississauga",N,N,"",1,451,"Spizzirri","","Natalie","Animal Protection Party","Parti Protection Animaux",N,N,0
35063,"Mississauga--Streetsville","Mississauga--Streetsville"," 15","Mississauga",N,N,"",0,491,"Girguis","","Samir","NDP-New Democratic Party","NPD-Nouveau Parti démocratique",N,N,20
35063,"Mississauga--Streetsville","Mississauga--Streetsville"," 15","Mississauga",N,N,"",0,491,"Hill","","Chris","Green Party","Parti Vert",N,N,15
35063,"Mississauga--Streetsville","Mississauga--Streetsville"," 15","Mississauga",N,N,"",0,491,"McIver","","Thomas","People's Party","Parti populaire",N,N,2
35063,"Mississauga--Streetsville","Mississauga--Streetsville"," 15","Mississauga",N,N,"",0,491,"Melek","","Ghada","Conservative","Conservateur",N,N,83
35063,"Mississauga--Streetsville","Mississauga--Streetsville"," 15","Mississauga",N,N,"",0,491,"Sikand","","Gagan","Liberal","Libéral",Y,Y,142
35063,"Mississauga--Streetsville","Mississauga--Streetsville"," 15","Mississauga",N,N,"",0,491,"Spizzirri","","Natalie","Animal Protection Party","Parti Protection Animaux",N,N,1
35063,"Mississauga--Streetsville","Mississauga--Streetsville"," 16","Mississauga",N,N,"",1,430,"Girguis","","Samir","NDP-New Democratic Party","NPD-Nouveau Parti démocratique",N,N,19
35063,"Mississauga--Streetsville","Mississauga--Streetsville"," 16","Mississauga",N,N,"",1,430,"Hill","","Chris","Green Party","Parti Vert",N,N,11
35063,"Mississauga--Streetsville","Mississauga--Streetsville"," 16","Mississauga",N,N,"",1,430,"McIver","","Thomas","People's Party","Parti populaire",N,N,1
35063,"Mississauga--Streetsville","Mississauga--Streetsville"," 16","Mississauga",N,N,"",1,430,"Melek","","Ghada","Conservative","Conservateur",N,N,77
35063,"Mississauga--Streetsville","Mississauga--Streetsville"," 16","Mississauga",N,N,"",1,430,"Sikand","","Gagan","Liberal","Libéral",Y,Y,117
35063,"Mississauga--Streetsville","Mississauga--Streetsville"," 16","Mississauga",N,N,"",1,430,"Spizzirri","","Natalie","Animal Protection Party","Parti Protection Animaux",N,N,1
35063,"Mississauga--Streetsville","Mississauga--Streetsville"," 17","Mississauga",N,N,"",0,444,"Girguis","","Samir","NDP-New Democratic Party","NPD-Nouveau Parti démocratique",N,N,22
35063,"Mississauga--Streetsville","Mississauga--Streetsville"," 17","Mississauga",N,N,"",0,444,"Hill","","Chris","Green Party","Parti Vert",N,N,6
35063,"Mississauga--Streetsville","Mississauga--Streetsville"," 17","Mississauga",N,N,"",0,444,"McIver","","Thomas","People's Party","Parti populaire",N,N,2
35063,"Mississauga--Streetsville","Mississauga--Streetsville"," 17","Mississauga",N,N,"",0,444,"Melek","","Ghada","Conservative","Conservateur",N,N,85
35063,"Mississauga--Streetsville","Mississauga--Streetsville"," 17","Mississauga",N,N,"",0,444,"Sikand","","Gagan","Liberal","Libéral",Y,Y,126
35063,"Mississauga--Streetsville","Mississauga--Streetsville"," 17","Mississauga",N,N,"",0,444,"Spizzirri","","Natalie","Animal Protection Party","Parti Protection Animaux",N,N,0
35063,"Mississauga--Streetsville","Mississauga--Streetsville"," 18","Mississauga",N,N,"",2,409,"Girguis","","Samir","NDP-New Democratic Party","NPD-Nouveau Parti démocratique",N,N,28
35063,"Mississauga--Streetsville","Mississauga--Streetsville"," 18","Mississauga",N,N,"",2,409,"Hill","","Chris","Green Party","Parti Vert",N,N,11
35063,"Mississauga--Streetsville","Mississauga--Streetsville"," 18","Mississauga",N,N,"",2,409,"McIver","","Thomas","People's Party","Parti populaire",N,N,1
35063,"Mississauga--Streetsville","Mississauga--Streetsville"," 18","Mississauga",N,N,"",2,409,"Melek","","Ghada","Conservative","Conservateur",N,N,68
35063,"Mississauga--Streetsville","Mississauga--Streetsville"," 18","Mississauga",N,N,"",2,409,"Sikand","","Gagan","Liberal","Libéral",Y,Y,110
35063,"Mississauga--Streetsville","Mississauga--Streetsville"," 18","Mississauga",N,N,"",2,409,"Spizzirri","","Natalie","Animal Protection Party","Parti Protection Animaux",N,N,0
35063,"Mississauga--Streetsville","Mississauga--Streetsville"," 19","Mississauga",N,N,"",1,464,"Girguis","","Samir","NDP-New Democratic Party","NPD-Nouveau Parti démocratique",N,N,15
35063,"Mississauga--Streetsville","Mississauga--Streetsville"," 19","Mississauga",N,N,"",1,464,"Hill","","Chris","Green Party","Parti Vert",N,N,12
35063,"Mississauga--Streetsville","Mississauga--Streetsville"," 19","Mississauga",N,N,"",1,464,"McIver","","Thomas","People's Party","Parti populaire",N,N,2
35063,"Mississauga--Streetsville","Mississauga--Streetsville"," 19","Mississauga",N,N,"",1,464,"Melek","","Ghada","Conservative","Conservateur",N,N,68
35063,"Mississauga--Streetsville","Mississauga--Streetsville"," 19","Mississauga",N,N,"",1,464,"Sikand","","Gagan","Liberal","Libéral",Y,Y,141
35063,"Mississauga--Streetsville","Mississauga--Streetsville"," 19","Mississauga",N,N,"",1,464,"Spizzirri","","Natalie","Animal Protection Party","Parti Protection Animaux",N,N,0
35063,"Mississauga--Streetsville","Mississauga--Streetsville"," 20","Mississauga",N,N,"",1,441,"Girguis","","Samir","NDP-New Democratic Party","NPD-Nouveau Parti démocratique",N,N,21
35063,"Mississauga--Streetsville","Mississauga--Streetsville"," 20","Mississauga",N,N,"",1,441,"Hill","","Chris","Green Party","Parti Vert",N,N,6
35063,"Mississauga--Streetsville","Mississauga--Streetsville"," 20","Mississauga",N,N,"",1,441,"McIver","","Thomas","People's Party","Parti populaire",N,N,0
35063,"Mississauga--Streetsville","Mississauga--Streetsville"," 20","Mississauga",N,N,"",1,441,"Melek","","Ghada","Conservative","Conservateur",N,N,84
35063,"Mississauga--Streetsville","Mississauga--Streetsville"," 20","Mississauga",N,N,"",1,441,"Sikand","","Gagan","Liberal","Libéral",Y,Y,103
35063,"Mississauga--Streetsville","Mississauga--Streetsville"," 20","Mississauga",N,N,"",1,441,"Spizzirri","","Natalie","Animal Protection Party","Parti Protection Animaux",N,N,2
35063,"Mississauga--Streetsville","Mississauga--Streetsville"," 21","Mississauga",N,N,"",0,508,"Girguis","","Samir","NDP-New Democratic Party","NPD-Nouveau Parti démocratique",N,N,31
35063,"Mississauga--Streetsville","Mississauga--Streetsville"," 21","Mississauga",N,N,"",0,508,"Hill","","Chris","Green Party","Parti Vert",N,N,15
35063,"Mississauga--Streetsville","Mississauga--Streetsville"," 21","Mississauga",N,N,"",0,508,"McIver","","Thomas","People's Party","Parti populaire",N,N,1
35063,"Mississauga--Streetsville","Mississauga--Streetsville"," 21","Mississauga",N,N,"",0,508,"Melek","","Ghada","Conservative","Conservateur",N,N,83
35063,"Mississauga--Streetsville","Mississauga--Streetsville"," 21","Mississauga",N,N,"",0,508,"Sikand","","Gagan","Liberal","Libéral",Y,Y,128
35063,"Mississauga--Streetsville","Mississauga--Streetsville"," 21","Mississauga",N,N,"",0,508,"Spizzirri","","Natalie","Animal Protection Party","Parti Protection Animaux",N,N,3
35063,"Mississauga--Streetsville","Mississauga--Streetsville"," 22","Mississauga",N,N,"",0,517,"Girguis","","Samir","NDP-New Democratic Party","NPD-Nouveau Parti démocratique",N,N,13
35063,"Mississauga--Streetsville","Mississauga--Streetsville"," 22","Mississauga",N,N,"",0,517,"Hill","","Chris","Green Party","Parti Vert",N,N,6
35063,"Mississauga--Streetsville","Mississauga--Streetsville"," 22","Mississauga",N,N,"",0,517,"McIver","","Thomas","People's Party","Parti populaire",N,N,3
35063,"Mississauga--Streetsville","Mississauga--Streetsville"," 22","Mississauga",N,N,"",0,517,"Melek","","Ghada","Conservative","Conservateur",N,N,66
35063,"Mississauga--Streetsville","Mississauga--Streetsville"," 22","Mississauga",N,N,"",0,517,"Sikand","","Gagan","Liberal","Libéral",Y,Y,140
35063,"Mississauga--Streetsville","Mississauga--Streetsville"," 22","Mississauga",N,N,"",0,517,"Spizzirri","","Natalie","Animal Protection Party","Parti Protection Animaux",N,N,0
35063,"Mississauga--Streetsville","Mississauga--Streetsville"," 23","Mississauga",N,N,"",0,422,"Girguis","","Samir","NDP-New Democratic Party","NPD-Nouveau Parti démocratique",N,N,18
35063,"Mississauga--Streetsville","Mississauga--Streetsville"," 23","Mississauga",N,N,"",0,422,"Hill","","Chris","Green Party","Parti Vert",N,N,3
35063,"Mississauga--Streetsville","Mississauga--Streetsville"," 23","Mississauga",N,N,"",0,422,"McIver","","Thomas","People's Party","Parti populaire",N,N,5
35063,"Mississauga--Streetsville","Mississauga--Streetsville"," 23","Mississauga",N,N,"",0,422,"Melek","","Ghada","Conservative","Conservateur",N,N,69
35063,"Mississauga--Streetsville","Mississauga--Streetsville"," 23","Mississauga",N,N,"",0,422,"Sikand","","Gagan","Liberal","Libéral",Y,Y,105
35063,"Mississauga--Streetsville","Mississauga--Streetsville"," 23","Mississauga",N,N,"",0,422,"Spizzirri","","Natalie","Animal Protection Party","Parti Protection Animaux",N,N,1
35063,"Mississauga--Streetsville","Mississauga--Streetsville"," 24","Mississauga",N,N,"",1,454,"Girguis","","Samir","NDP-New Democratic Party","NPD-Nouveau Parti démocratique",N,N,23
35063,"Mississauga--Streetsville","Mississauga--Streetsville"," 24","Mississauga",N,N,"",1,454,"Hill","","Chris","Green Party","Parti Vert",N,N,3
35063,"Mississauga--Streetsville","Mississauga--Streetsville"," 24","Mississauga",N,N,"",1,454,"McIver","","Thomas","People's Party","Parti populaire",N,N,4
35063,"Mississauga--Streetsville","Mississauga--Streetsville"," 24","Mississauga",N,N,"",1,454,"Melek","","Ghada","Conservative","Conservateur",N,N,55
35063,"Mississauga--Streetsville","Mississauga--Streetsville"," 24","Mississauga",N,N,"",1,454,"Sikand","","Gagan","Liberal","Libéral",Y,Y,127
35063,"Mississauga--Streetsville","Mississauga--Streetsville"," 24","Mississauga",N,N,"",1,454,"Spizzirri","","Natalie","Animal Protection Party","Parti Protection Animaux",N,N,1
35063,"Mississauga--Streetsville","Mississauga--Streetsville"," 25","Mississauga",N,N,"",1,336,"Girguis","","Samir","NDP-New Democratic Party","NPD-Nouveau Parti démocratique",N,N,12
35063,"Mississauga--Streetsville","Mississauga--Streetsville"," 25","Mississauga",N,N,"",1,336,"Hill","","Chris","Green Party","Parti Vert",N,N,8
35063,"Mississauga--Streetsville","Mississauga--Streetsville"," 25","Mississauga",N,N,"",1,336,"McIver","","Thomas","People's Party","Parti populaire",N,N,2
35063,"Mississauga--Streetsville","Mississauga--Streetsville"," 25","Mississauga",N,N,"",1,336,"Melek","","Ghada","Conservative","Conservateur",N,N,72
35063,"Mississauga--Streetsville","Mississauga--Streetsville"," 25","Mississauga",N,N,"",1,336,"Sikand","","Gagan","Liberal","Libéral",Y,Y,91
35063,"Mississauga--Streetsville","Mississauga--Streetsville"," 25","Mississauga",N,N,"",1,336,"Spizzirri","","Natalie","Animal Protection Party","Parti Protection Animaux",N,N,0
35063,"Mississauga--Streetsville","Mississauga--Streetsville"," 26","Mississauga",N,N,"",0,411,"Girguis","","Samir","NDP-New Democratic Party","NPD-Nouveau Parti démocratique",N,N,23
35063,"Mississauga--Streetsville","Mississauga--Streetsville"," 26","Mississauga",N,N,"",0,411,"Hill","","Chris","Green Party","Parti Vert",N,N,14
35063,"Mississauga--Streetsville","Mississauga--Streetsville"," 26","Mississauga",N,N,"",0,411,"McIver","","Thomas","People's Party","Parti populaire",N,N,3
35063,"Mississauga--Streetsville","Mississauga--Streetsville"," 26","Mississauga",N,N,"",0,411,"Melek","","Ghada","Conservative","Conservateur",N,N,89
35063,"Mississauga--Streetsville","Mississauga--Streetsville"," 26","Mississauga",N,N,"",0,411,"Sikand","","Gagan","Liberal","Libéral",Y,Y,124
35063,"Mississauga--Streetsville","Mississauga--Streetsville"," 26","Mississauga",N,N,"",0,411,"Spizzirri","","Natalie","Animal Protection Party","Parti Protection Animaux",N,N,0
35063,"Mississauga--Streetsville","Mississauga--Streetsville"," 27","Mississauga",N,N,"",0,446,"Girguis","","Samir","NDP-New Democratic Party","NPD-Nouveau Parti démocratique",N,N,34
35063,"Mississauga--Streetsville","Mississauga--Streetsville"," 27","Mississauga",N,N,"",0,446,"Hill","","Chris","Green Party","Parti Vert",N,N,7
35063,"Mississauga--Streetsville","Mississauga--Streetsville"," 27","Mississauga",N,N,"",0,446,"McIver","","Thomas","People's Party","Parti populaire",N,N,1
35063,"Mississauga--Streetsville","Mississauga--Streetsville"," 27","Mississauga",N,N,"",0,446,"Melek","","Ghada","Conservative","Conservateur",N,N,72
35063,"Mississauga--Streetsville","Mississauga--Streetsville"," 27","Mississauga",N,N,"",0,446,"Sikand","","Gagan","Liberal","Libéral",Y,Y,112
35063,"Mississauga--Streetsville","Mississauga--Streetsville"," 27","Mississauga",N,N,"",0,446,"Spizzirri","","Natalie","Animal Protection Party","Parti Protection Animaux",N,N,2
35063,"Mississauga--Streetsville","Mississauga--Streetsville"," 28","Mississauga",N,N,"",2,433,"Girguis","","Samir","NDP-New Democratic Party","NPD-Nouveau Parti démocratique",N,N,15
35063,"Mississauga--Streetsville","Mississauga--Streetsville"," 28","Mississauga",N,N,"",2,433,"Hill","","Chris","Green Party","Parti Vert",N,N,10
35063,"Mississauga--Streetsville","Mississauga--Streetsville"," 28","Mississauga",N,N,"",2,433,"McIver","","Thomas","People's Party","Parti populaire",N,N,0
35063,"Mississauga--Streetsville","Mississauga--Streetsville"," 28","Mississauga",N,N,"",2,433,"Melek","","Ghada","Conservative","Conservateur",N,N,72
35063,"Mississauga--Streetsville","Mississauga--Streetsville"," 28","Mississauga",N,N,"",2,433,"Sikand","","Gagan","Liberal","Libéral",Y,Y,92
35063,"Mississauga--Streetsville","Mississauga--Streetsville"," 28","Mississauga",N,N,"",2,433,"Spizzirri","","Natalie","Animal Protection Party","Parti Protection Animaux",N,N,1
35063,"Mississauga--Streetsville","Mississauga--Streetsville"," 29","Mississauga",N,N,"",1,364,"Girguis","","Samir","NDP-New Democratic Party","NPD-Nouveau Parti démocratique",N,N,19
35063,"Mississauga--Streetsville","Mississauga--Streetsville"," 29","Mississauga",N,N,"",1,364,"Hill","","Chris","Green Party","Parti Vert",N,N,10
35063,"Mississauga--Streetsville","Mississauga--Streetsville"," 29","Mississauga",N,N,"",1,364,"McIver","","Thomas","People's Party","Parti populaire",N,N,2
35063,"Mississauga--Streetsville","Mississauga--Streetsville"," 29","Mississauga",N,N,"",1,364,"Melek","","Ghada","Conservative","Conservateur",N,N,51
35063,"Mississauga--Streetsville","Mississauga--Streetsville"," 29","Mississauga",N,N,"",1,364,"Sikand","","Gagan","Liberal","Libéral",Y,Y,92
35063,"Mississauga--Streetsville","Mississauga--Streetsville"," 29","Mississauga",N,N,"",1,364,"Spizzirri","","Natalie","Animal Protection Party","Parti Protection Animaux",N,N,2
35063,"Mississauga--Streetsville","Mississauga--Streetsville"," 30","Mississauga",N,N,"",0,412,"Girguis","","Samir","NDP-New Democratic Party","NPD-Nouveau Parti démocratique",N,N,24
35063,"Mississauga--Streetsville","Mississauga--Streetsville"," 30","Mississauga",N,N,"",0,412,"Hill","","Chris","Green Party","Parti Vert",N,N,15
35063,"Mississauga--Streetsville","Mississauga--Streetsville"," 30","Mississauga",N,N,"",0,412,"McIver","","Thomas","People's Party","Parti populaire",N,N,6
35063,"Mississauga--Streetsville","Mississauga--Streetsville"," 30","Mississauga",N,N,"",0,412,"Melek","","Ghada","Conservative","Conservateur",N,N,65
35063,"Mississauga--Streetsville","Mississauga--Streetsville"," 30","Mississauga",N,N,"",0,412,"Sikand","","Gagan","Liberal","Libéral",Y,Y,86
35063,"Mississauga--Streetsville","Mississauga--Streetsville"," 30","Mississauga",N,N,"",0,412,"Spizzirri","","Natalie","Animal Protection Party","Parti Protection Animaux",N,N,1
35063,"Mississauga--Streetsville","Mississauga--Streetsville"," 31","Mississauga",N,N,"",3,601,"Girguis","","Samir","NDP-New Democratic Party","NPD-Nouveau Parti démocratique",N,N,42
35063,"Mississauga--Streetsville","Mississauga--Streetsville"," 31","Mississauga",N,N,"",3,601,"Hill","","Chris","Green Party","Parti Vert",N,N,18
35063,"Mississauga--Streetsville","Mississauga--Streetsville"," 31","Mississauga",N,N,"",3,601,"McIver","","Thomas","People's Party","Parti populaire",N,N,4
35063,"Mississauga--Streetsville","Mississauga--Streetsville"," 31","Mississauga",N,N,"",3,601,"Melek","","Ghada","Conservative","Conservateur",N,N,97
35063,"Mississauga--Streetsville","Mississauga--Streetsville"," 31","Mississauga",N,N,"",3,601,"Sikand","","Gagan","Liberal","Libéral",Y,Y,110
35063,"Mississauga--Streetsville","Mississauga--Streetsville"," 31","Mississauga",N,N,"",3,601,"Spizzirri","","Natalie","Animal Protection Party","Parti Protection Animaux",N,N,0
35063,"Mississauga--Streetsville","Mississauga--Streetsville"," 32","Mississauga",N,N,"",1,305,"Girguis","","Samir","NDP-New Democratic Party","NPD-Nouveau Parti démocratique",N,N,14
35063,"Mississauga--Streetsville","Mississauga--Streetsville"," 32","Mississauga",N,N,"",1,305,"Hill","","Chris","Green Party","Parti Vert",N,N,7
35063,"Mississauga--Streetsville","Mississauga--Streetsville"," 32","Mississauga",N,N,"",1,305,"McIver","","Thomas","People's Party","Parti populaire",N,N,3
35063,"Mississauga--Streetsville","Mississauga--Streetsville"," 32","Mississauga",N,N,"",1,305,"Melek","","Ghada","Conservative","Conservateur",N,N,57
35063,"Mississauga--Streetsville","Mississauga--Streetsville"," 32","Mississauga",N,N,"",1,305,"Sikand","","Gagan","Liberal","Libéral",Y,Y,81
35063,"Mississauga--Streetsville","Mississauga--Streetsville"," 32","Mississauga",N,N,"",1,305,"Spizzirri","","Natalie","Animal Protection Party","Parti Protection Animaux",N,N,1
35063,"Mississauga--Streetsville","Mississauga--Streetsville"," 33","Mississauga",N,N,"",1,471,"Girguis","","Samir","NDP-New Democratic Party","NPD-Nouveau Parti démocratique",N,N,16
35063,"Mississauga--Streetsville","Mississauga--Streetsville"," 33","Mississauga",N,N,"",1,471,"Hill","","Chris","Green Party","Parti Vert",N,N,8
35063,"Mississauga--Streetsville","Mississauga--Streetsville"," 33","Mississauga",N,N,"",1,471,"McIver","","Thomas","People's Party","Parti populaire",N,N,3
35063,"Mississauga--Streetsville","Mississauga--Streetsville"," 33","Mississauga",N,N,"",1,471,"Melek","","Ghada","Conservative","Conservateur",N,N,59
35063,"Mississauga--Streetsville","Mississauga--Streetsville"," 33","Mississauga",N,N,"",1,471,"Sikand","","Gagan","Liberal","Libéral",Y,Y,93
35063,"Mississauga--Streetsville","Mississauga--Streetsville"," 33","Mississauga",N,N,"",1,471,"Spizzirri","","Natalie","Animal Protection Party","Parti Protection Animaux",N,N,1
35063,"Mississauga--Streetsville","Mississauga--Streetsville"," 34","Mississauga",N,N,"",4,397,"Girguis","","Samir","NDP-New Democratic Party","NPD-Nouveau Parti démocratique",N,N,15
35063,"Mississauga--Streetsville","Mississauga--Streetsville"," 34","Mississauga",N,N,"",4,397,"Hill","","Chris","Green Party","Parti Vert",N,N,7
35063,"Mississauga--Streetsville","Mississauga--Streetsville"," 34","Mississauga",N,N,"",4,397,"McIver","","Thomas","People's Party","Parti populaire",N,N,2
35063,"Mississauga--Streetsville","Mississauga--Streetsville"," 34","Mississauga",N,N,"",4,397,"Melek","","Ghada","Conservative","Conservateur",N,N,74
35063,"Mississauga--Streetsville","Mississauga--Streetsville"," 34","Mississauga",N,N,"",4,397,"Sikand","","Gagan","Liberal","Libéral",Y,Y,104
35063,"Mississauga--Streetsville","Mississauga--Streetsville"," 34","Mississauga",N,N,"",4,397,"Spizzirri","","Natalie","Animal Protection Party","Parti Protection Animaux",N,N,0
35063,"Mississauga--Streetsville","Mississauga--Streetsville"," 35","Mississauga",N,N,"",1,425,"Girguis","","Samir","NDP-New Democratic Party","NPD-Nouveau Parti démocratique",N,N,26
35063,"Mississauga--Streetsville","Mississauga--Streetsville"," 35","Mississauga",N,N,"",1,425,"Hill","","Chris","Green Party","Parti Vert",N,N,18
35063,"Mississauga--Streetsville","Mississauga--Streetsville"," 35","Mississauga",N,N,"",1,425,"McIver","","Thomas","People's Party","Parti populaire",N,N,6
35063,"Mississauga--Streetsville","Mississauga--Streetsville"," 35","Mississauga",N,N,"",1,425,"Melek","","Ghada","Conservative","Conservateur",N,N,72
35063,"Mississauga--Streetsville","Mississauga--Streetsville"," 35","Mississauga",N,N,"",1,425,"Sikand","","Gagan","Liberal","Libéral",Y,Y,98
35063,"Mississauga--Streetsville","Mississauga--Streetsville"," 35","Mississauga",N,N,"",1,425,"Spizzirri","","Natalie","Animal Protection Party","Parti Protection Animaux",N,N,0
35063,"Mississauga--Streetsville","Mississauga--Streetsville"," 36","Mississauga",N,N,"",2,575,"Girguis","","Samir","NDP-New Democratic Party","NPD-Nouveau Parti démocratique",N,N,32
35063,"Mississauga--Streetsville","Mississauga--Streetsville"," 36","Mississauga",N,N,"",2,575,"Hill","","Chris","Green Party","Parti Vert",N,N,15
35063,"Mississauga--Streetsville","Mississauga--Streetsville"," 36","Mississauga",N,N,"",2,575,"McIver","","Thomas","People's Party","Parti populaire",N,N,5
35063,"Mississauga--Streetsville","Mississauga--Streetsville"," 36","Mississauga",N,N,"",2,575,"Melek","","Ghada","Conservative","Conservateur",N,N,120
35063,"Mississauga--Streetsville","Mississauga--Streetsville"," 36","Mississauga",N,N,"",2,575,"Sikand","","Gagan","Liberal","Libéral",Y,Y,163
35063,"Mississauga--Streetsville","Mississauga--Streetsville"," 36","Mississauga",N,N,"",2,575,"Spizzirri","","Natalie","Animal Protection Party","Parti Protection Animaux",N,N,0
35063,"Mississauga--Streetsville","Mississauga--Streetsville"," 37","Mississauga",N,N,"",3,478,"Girguis","","Samir","NDP-New Democratic Party","NPD-Nouveau Parti démocratique",N,N,15
35063,"Mississauga--Streetsville","Mississauga--Streetsville"," 37","Mississauga",N,N,"",3,478,"Hill","","Chris","Green Party","Parti Vert",N,N,2
35063,"Mississauga--Streetsville","Mississauga--Streetsville"," 37","Mississauga",N,N,"",3,478,"McIver","","Thomas","People's Party","Parti populaire",N,N,0
35063,"Mississauga--Streetsville","Mississauga--Streetsville"," 37","Mississauga",N,N,"",3,478,"Melek","","Ghada","Conservative","Conservateur",N,N,83
35063,"Mississauga--Streetsville","Mississauga--Streetsville"," 37","Mississauga",N,N,"",3,478,"Sikand","","Gagan","Liberal","Libéral",Y,Y,118
35063,"Mississauga--Streetsville","Mississauga--Streetsville"," 37","Mississauga",N,N,"",3,478,"Spizzirri","","Natalie","Animal Protection Party","Parti Protection Animaux",N,N,3
35063,"Mississauga--Streetsville","Mississauga--Streetsville"," 38","Mississauga",N,N,"",2,457,"Girguis","","Samir","NDP-New Democratic Party","NPD-Nouveau Parti démocratique",N,N,22
35063,"Mississauga--Streetsville","Mississauga--Streetsville"," 38","Mississauga",N,N,"",2,457,"Hill","","Chris","Green Party","Parti Vert",N,N,18
35063,"Mississauga--Streetsville","Mississauga--Streetsville"," 38","Mississauga",N,N,"",2,457,"McIver","","Thomas","People's Party","Parti populaire",N,N,4
35063,"Mississauga--Streetsville","Mississauga--Streetsville"," 38","Mississauga",N,N,"",2,457,"Melek","","Ghada","Conservative","Conservateur",N,N,119
35063,"Mississauga--Streetsville","Mississauga--Streetsville"," 38","Mississauga",N,N,"",2,457,"Sikand","","Gagan","Liberal","Libéral",Y,Y,94
35063,"Mississauga--Streetsville","Mississauga--Streetsville"," 38","Mississauga",N,N,"",2,457,"Spizzirri","","Natalie","Animal Protection Party","Parti Protection Animaux",N,N,2
35063,"Mississauga--Streetsville","Mississauga--Streetsville"," 39","Mississauga",N,N,"",2,513,"Girguis","","Samir","NDP-New Democratic Party","NPD-Nouveau Parti démocratique",N,N,33
35063,"Mississauga--Streetsville","Mississauga--Streetsville"," 39","Mississauga",N,N,"",2,513,"Hill","","Chris","Green Party","Parti Vert",N,N,11
35063,"Mississauga--Streetsville","Mississauga--Streetsville"," 39","Mississauga",N,N,"",2,513,"McIver","","Thomas","People's Party","Parti populaire",N,N,2
35063,"Mississauga--Streetsville","Mississauga--Streetsville"," 39","Mississauga",N,N,"",2,513,"Melek","","Ghada","Conservative","Conservateur",N,N,66
35063,"Mississauga--Streetsville","Mississauga--Streetsville"," 39","Mississauga",N,N,"",2,513,"Sikand","","Gagan","Liberal","Libéral",Y,Y,143
35063,"Mississauga--Streetsville","Mississauga--Streetsville"," 39","Mississauga",N,N,"",2,513,"Spizzirri","","Natalie","Animal Protection Party","Parti Protection Animaux",N,N,2
35063,"Mississauga--Streetsville","Mississauga--Streetsville"," 40","Mississauga",N,N,"",2,368,"Girguis","","Samir","NDP-New Democratic Party","NPD-Nouveau Parti démocratique",N,N,24
35063,"Mississauga--Streetsville","Mississauga--Streetsville"," 40","Mississauga",N,N,"",2,368,"Hill","","Chris","Green Party","Parti Vert",N,N,9
35063,"Mississauga--Streetsville","Mississauga--Streetsville"," 40","Mississauga",N,N,"",2,368,"McIver","","Thomas","People's Party","Parti populaire",N,N,1
35063,"Mississauga--Streetsville","Mississauga--Streetsville"," 40","Mississauga",N,N,"",2,368,"Melek","","Ghada","Conservative","Conservateur",N,N,53
35063,"Mississauga--Streetsville","Mississauga--Streetsville"," 40","Mississauga",N,N,"",2,368,"Sikand","","Gagan","Liberal","Libéral",Y,Y,110
35063,"Mississauga--Streetsville","Mississauga--Streetsville"," 40","Mississauga",N,N,"",2,368,"Spizzirri","","Natalie","Animal Protection Party","Parti Protection Animaux",N,N,0
35063,"Mississauga--Streetsville","Mississauga--Streetsville"," 41","Mississauga",N,N,"",2,469,"Girguis","","Samir","NDP-New Democratic Party","NPD-Nouveau Parti démocratique",N,N,17
35063,"Mississauga--Streetsville","Mississauga--Streetsville"," 41","Mississauga",N,N,"",2,469,"Hill","","Chris","Green Party","Parti Vert",N,N,8
35063,"Mississauga--Streetsville","Mississauga--Streetsville"," 41","Mississauga",N,N,"",2,469,"McIver","","Thomas","People's Party","Parti populaire",N,N,0
35063,"Mississauga--Streetsville","Mississauga--Streetsville"," 41","Mississauga",N,N,"",2,469,"Melek","","Ghada","Conservative","Conservateur",N,N,61
35063,"Mississauga--Streetsville","Mississauga--Streetsville"," 41","Mississauga",N,N,"",2,469,"Sikand","","Gagan","Liberal","Libéral",Y,Y,127
35063,"Mississauga--Streetsville","Mississauga--Streetsville"," 41","Mississauga",N,N,"",2,469,"Spizzirri","","Natalie","Animal Protection Party","Parti Protection Animaux",N,N,1
35063,"Mississauga--Streetsville","Mississauga--Streetsville"," 42","Mississauga",N,N,"",4,430,"Girguis","","Samir","NDP-New Democratic Party","NPD-Nouveau Parti démocratique",N,N,12
35063,"Mississauga--Streetsville","Mississauga--Streetsville"," 42","Mississauga",N,N,"",4,430,"Hill","","Chris","Green Party","Parti Vert",N,N,8
35063,"Mississauga--Streetsville","Mississauga--Streetsville"," 42","Mississauga",N,N,"",4,430,"McIver","","Thomas","People's Party","Parti populaire",N,N,5
35063,"Mississauga--Streetsville","Mississauga--Streetsville"," 42","Mississauga",N,N,"",4,430,"Melek","","Ghada","Conservative","Conservateur",N,N,66
35063,"Mississauga--Streetsville","Mississauga--Streetsville"," 42","Mississauga",N,N,"",4,430,"Sikand","","Gagan","Liberal","Libéral",Y,Y,116
35063,"Mississauga--Streetsville","Mississauga--Streetsville"," 42","Mississauga",N,N,"",4,430,"Spizzirri","","Natalie","Animal Protection Party","Parti Protection Animaux",N,N,0
35063,"Mississauga--Streetsville","Mississauga--Streetsville"," 43","Mississauga",N,N,"",7,398,"Girguis","","Samir","NDP-New Democratic Party","NPD-Nouveau Parti démocratique",N,N,20
35063,"Mississauga--Streetsville","Mississauga--Streetsville"," 43","Mississauga",N,N,"",7,398,"Hill","","Chris","Green Party","Parti Vert",N,N,5
35063,"Mississauga--Streetsville","Mississauga--Streetsville"," 43","Mississauga",N,N,"",7,398,"McIver","","Thomas","People's Party","Parti populaire",N,N,1
35063,"Mississauga--Streetsville","Mississauga--Streetsville"," 43","Mississauga",N,N,"",7,398,"Melek","","Ghada","Conservative","Conservateur",N,N,56
35063,"Mississauga--Streetsville","Mississauga--Streetsville"," 43","Mississauga",N,N,"",7,398,"Sikand","","Gagan","Liberal","Libéral",Y,Y,94
35063,"Mississauga--Streetsville","Mississauga--Streetsville"," 43","Mississauga",N,N,"",7,398,"Spizzirri","","Natalie","Animal Protection Party","Parti Protection Animaux",N,N,0
35063,"Mississauga--Streetsville","Mississauga--Streetsville"," 44","Mississauga",N,N,"",0,404,"Girguis","","Samir","NDP-New Democratic Party","NPD-Nouveau Parti démocratique",N,N,18
35063,"Mississauga--Streetsville","Mississauga--Streetsville"," 44","Mississauga",N,N,"",0,404,"Hill","","Chris","Green Party","Parti Vert",N,N,4
35063,"Mississauga--Streetsville","Mississauga--Streetsville"," 44","Mississauga",N,N,"",0,404,"McIver","","Thomas","People's Party","Parti populaire",N,N,0
35063,"Mississauga--Streetsville","Mississauga--Streetsville"," 44","Mississauga",N,N,"",0,404,"Melek","","Ghada","Conservative","Conservateur",N,N,53
35063,"Mississauga--Streetsville","Mississauga--Streetsville"," 44","Mississauga",N,N,"",0,404,"Sikand","","Gagan","Liberal","Libéral",Y,Y,97
35063,"Mississauga--Streetsville","Mississauga--Streetsville"," 44","Mississauga",N,N,"",0,404,"Spizzirri","","Natalie","Animal Protection Party","Parti Protection Animaux",N,N,0
35063,"Mississauga--Streetsville","Mississauga--Streetsville"," 45","Mississauga",N,N,"",4,538,"Girguis","","Samir","NDP-New Democratic Party","NPD-Nouveau Parti démocratique",N,N,14
35063,"Mississauga--Streetsville","Mississauga--Streetsville"," 45","Mississauga",N,N,"",4,538,"Hill","","Chris","Green Party","Parti Vert",N,N,5
35063,"Mississauga--Streetsville","Mississauga--Streetsville"," 45","Mississauga",N,N,"",4,538,"McIver","","Thomas","People's Party","Parti populaire",N,N,1
35063,"Mississauga--Streetsville","Mississauga--Streetsville"," 45","Mississauga",N,N,"",4,538,"Melek","","Ghada","Conservative","Conservateur",N,N,94
35063,"Mississauga--Streetsville","Mississauga--Streetsville"," 45","Mississauga",N,N,"",4,538,"Sikand","","Gagan","Liberal","Libéral",Y,Y,164
35063,"Mississauga--Streetsville","Mississauga--Streetsville"," 45","Mississauga",N,N,"",4,538,"Spizzirri","","Natalie","Animal Protection Party","Parti Protection Animaux",N,N,2
35063,"Mississauga--Streetsville","Mississauga--Streetsville"," 46","Mississauga",N,N,"",0,391,"Girguis","","Samir","NDP-New Democratic Party","NPD-Nouveau Parti démocratique",N,N,17
35063,"Mississauga--Streetsville","Mississauga--Streetsville"," 46","Mississauga",N,N,"",0,391,"Hill","","Chris","Green Party","Parti Vert",N,N,1
35063,"Mississauga--Streetsville","Mississauga--Streetsville"," 46","Mississauga",N,N,"",0,391,"McIver","","Thomas","People's Party","Parti populaire",N,N,0
35063,"Mississauga--Streetsville","Mississauga--Streetsville"," 46","Mississauga",N,N,"",0,391,"Melek","","Ghada","Conservative","Conservateur",N,N,42
35063,"Mississauga--Streetsville","Mississauga--Streetsville"," 46","Mississauga",N,N,"",0,391,"Sikand","","Gagan","Liberal","Libéral",Y,Y,111
35063,"Mississauga--Streetsville","Mississauga--Streetsville"," 46","Mississauga",N,N,"",0,391,"Spizzirri","","Natalie","Animal Protection Party","Parti Protection Animaux",N,N,3
35063,"Mississauga--Streetsville","Mississauga--Streetsville"," 47","Mississauga",N,N,"",3,460,"Girguis","","Samir","NDP-New Democratic Party","NPD-Nouveau Parti démocratique",N,N,33
35063,"Mississauga--Streetsville","Mississauga--Streetsville"," 47","Mississauga",N,N,"",3,460,"Hill","","Chris","Green Party","Parti Vert",N,N,4
35063,"Mississauga--Streetsville","Mississauga--Streetsville"," 47","Mississauga",N,N,"",3,460,"McIver","","Thomas","People's Party","Parti populaire",N,N,0
35063,"Mississauga--Streetsville","Mississauga--Streetsville"," 47","Mississauga",N,N,"",3,460,"Melek","","Ghada","Conservative","Conservateur",N,N,77
35063,"Mississauga--Streetsville","Mississauga--Streetsville"," 47","Mississauga",N,N,"",3,460,"Sikand","","Gagan","Liberal","Libéral",Y,Y,128
35063,"Mississauga--Streetsville","Mississauga--Streetsville"," 47","Mississauga",N,N,"",3,460,"Spizzirri","","Natalie","Animal Protection Party","Parti Protection Animaux",N,N,1
35063,"Mississauga--Streetsville","Mississauga--Streetsville"," 48","Mississauga",N,N,"",0,361,"Girguis","","Samir","NDP-New Democratic Party","NPD-Nouveau Parti démocratique",N,N,12
35063,"Mississauga--Streetsville","Mississauga--Streetsville"," 48","Mississauga",N,N,"",0,361,"Hill","","Chris","Green Party","Parti Vert",N,N,3
35063,"Mississauga--Streetsville","Mississauga--Streetsville"," 48","Mississauga",N,N,"",0,361,"McIver","","Thomas","People's Party","Parti populaire",N,N,1
35063,"Mississauga--Streetsville","Mississauga--Streetsville"," 48","Mississauga",N,N,"",0,361,"Melek","","Ghada","Conservative","Conservateur",N,N,61
35063,"Mississauga--Streetsville","Mississauga--Streetsville"," 48","Mississauga",N,N,"",0,361,"Sikand","","Gagan","Liberal","Libéral",Y,Y,102
35063,"Mississauga--Streetsville","Mississauga--Streetsville"," 48","Mississauga",N,N,"",0,361,"Spizzirri","","Natalie","Animal Protection Party","Parti Protection Animaux",N,N,0
35063,"Mississauga--Streetsville","Mississauga--Streetsville"," 49","Mississauga",N,N,"",4,462,"Girguis","","Samir","NDP-New Democratic Party","NPD-Nouveau Parti démocratique",N,N,22
35063,"Mississauga--Streetsville","Mississauga--Streetsville"," 49","Mississauga",N,N,"",4,462,"Hill","","Chris","Green Party","Parti Vert",N,N,15
35063,"Mississauga--Streetsville","Mississauga--Streetsville"," 49","Mississauga",N,N,"",4,462,"McIver","","Thomas","People's Party","Parti populaire",N,N,5
35063,"Mississauga--Streetsville","Mississauga--Streetsville"," 49","Mississauga",N,N,"",4,462,"Melek","","Ghada","Conservative","Conservateur",N,N,94
35063,"Mississauga--Streetsville","Mississauga--Streetsville"," 49","Mississauga",N,N,"",4,462,"Sikand","","Gagan","Liberal","Libéral",Y,Y,88
35063,"Mississauga--Streetsville","Mississauga--Streetsville"," 49","Mississauga",N,N,"",4,462,"Spizzirri","","Natalie","Animal Protection Party","Parti Protection Animaux",N,N,1
35063,"Mississauga--Streetsville","Mississauga--Streetsville"," 50","Mississauga",N,N,"",0,602,"Girguis","","Samir","NDP-New Democratic Party","NPD-Nouveau Parti démocratique",N,N,40
35063,"Mississauga--Streetsville","Mississauga--Streetsville"," 50","Mississauga",N,N,"",0,602,"Hill","","Chris","Green Party","Parti Vert",N,N,15
35063,"Mississauga--Streetsville","Mississauga--Streetsville"," 50","Mississauga",N,N,"",0,602,"McIver","","Thomas","People's Party","Parti populaire",N,N,7
35063,"Mississauga--Streetsville","Mississauga--Streetsville"," 50","Mississauga",N,N,"",0,602,"Melek","","Ghada","Conservative","Conservateur",N,N,100
35063,"Mississauga--Streetsville","Mississauga--Streetsville"," 50","Mississauga",N,N,"",0,602,"Sikand","","Gagan","Liberal","Libéral",Y,Y,181
35063,"Mississauga--Streetsville","Mississauga--Streetsville"," 50","Mississauga",N,N,"",0,602,"Spizzirri","","Natalie","Animal Protection Party","Parti Protection Animaux",N,N,4
35063,"Mississauga--Streetsville","Mississauga--Streetsville"," 51","Mississauga",N,N,"",2,468,"Girguis","","Samir","NDP-New Democratic Party","NPD-Nouveau Parti démocratique",N,N,24
35063,"Mississauga--Streetsville","Mississauga--Streetsville"," 51","Mississauga",N,N,"",2,468,"Hill","","Chris","Green Party","Parti Vert",N,N,14
35063,"Mississauga--Streetsville","Mississauga--Streetsville"," 51","Mississauga",N,N,"",2,468,"McIver","","Thomas","People's Party","Parti populaire",N,N,3
35063,"Mississauga--Streetsville","Mississauga--Streetsville"," 51","Mississauga",N,N,"",2,468,"Melek","","Ghada","Conservative","Conservateur",N,N,59
35063,"Mississauga--Streetsville","Mississauga--Streetsville"," 51","Mississauga",N,N,"",2,468,"Sikand","","Gagan","Liberal","Libéral",Y,Y,128
35063,"Mississauga--Streetsville","Mississauga--Streetsville"," 51","Mississauga",N,N,"",2,468,"Spizzirri","","Natalie","Animal Protection Party","Parti Protection Animaux",N,N,0
35063,"Mississauga--Streetsville","Mississauga--Streetsville"," 52","Mississauga",N,N,"",0,421,"Girguis","","Samir","NDP-New Democratic Party","NPD-Nouveau Parti démocratique",N,N,19
35063,"Mississauga--Streetsville","Mississauga--Streetsville"," 52","Mississauga",N,N,"",0,421,"Hill","","Chris","Green Party","Parti Vert",N,N,15
35063,"Mississauga--Streetsville","Mississauga--Streetsville"," 52","Mississauga",N,N,"",0,421,"McIver","","Thomas","People's Party","Parti populaire",N,N,3
35063,"Mississauga--Streetsville","Mississauga--Streetsville"," 52","Mississauga",N,N,"",0,421,"Melek","","Ghada","Conservative","Conservateur",N,N,72
35063,"Mississauga--Streetsville","Mississauga--Streetsville"," 52","Mississauga",N,N,"",0,421,"Sikand","","Gagan","Liberal","Libéral",Y,Y,125
35063,"Mississauga--Streetsville","Mississauga--Streetsville"," 52","Mississauga",N,N,"",0,421,"Spizzirri","","Natalie","Animal Protection Party","Parti Protection Animaux",N,N,4
35063,"Mississauga--Streetsville","Mississauga--Streetsville"," 53","Mississauga",N,N,"",1,496,"Girguis","","Samir","NDP-New Democratic Party","NPD-Nouveau Parti démocratique",N,N,23
35063,"Mississauga--Streetsville","Mississauga--Streetsville"," 53","Mississauga",N,N,"",1,496,"Hill","","Chris","Green Party","Parti Vert",N,N,10
35063,"Mississauga--Streetsville","Mississauga--Streetsville"," 53","Mississauga",N,N,"",1,496,"McIver","","Thomas","People's Party","Parti populaire",N,N,5
35063,"Mississauga--Streetsville","Mississauga--Streetsville"," 53","Mississauga",N,N,"",1,496,"Melek","","Ghada","Conservative","Conservateur",N,N,74
35063,"Mississauga--Streetsville","Mississauga--Streetsville"," 53","Mississauga",N,N,"",1,496,"Sikand","","Gagan","Liberal","Libéral",Y,Y,124
35063,"Mississauga--Streetsville","Mississauga--Streetsville"," 53","Mississauga",N,N,"",1,496,"Spizzirri","","Natalie","Animal Protection Party","Parti Protection Animaux",N,N,0
35063,"Mississauga--Streetsville","Mississauga--Streetsville"," 54","Mississauga",N,N,"",0,333,"Girguis","","Samir","NDP-New Democratic Party","NPD-Nouveau Parti démocratique",N,N,13
35063,"Mississauga--Streetsville","Mississauga--Streetsville"," 54","Mississauga",N,N,"",0,333,"Hill","","Chris","Green Party","Parti Vert",N,N,7
35063,"Mississauga--Streetsville","Mississauga--Streetsville"," 54","Mississauga",N,N,"",0,333,"McIver","","Thomas","People's Party","Parti populaire",N,N,3
35063,"Mississauga--Streetsville","Mississauga--Streetsville"," 54","Mississauga",N,N,"",0,333,"Melek","","Ghada","Conservative","Conservateur",N,N,48
35063,"Mississauga--Streetsville","Mississauga--Streetsville"," 54","Mississauga",N,N,"",0,333,"Sikand","","Gagan","Liberal","Libéral",Y,Y,72
35063,"Mississauga--Streetsville","Mississauga--Streetsville"," 54","Mississauga",N,N,"",0,333,"Spizzirri","","Natalie","Animal Protection Party","Parti Protection Animaux",N,N,0
35063,"Mississauga--Streetsville","Mississauga--Streetsville"," 55","Mississauga",N,N,"",0,382,"Girguis","","Samir","NDP-New Democratic Party","NPD-Nouveau Parti démocratique",N,N,23
35063,"Mississauga--Streetsville","Mississauga--Streetsville"," 55","Mississauga",N,N,"",0,382,"Hill","","Chris","Green Party","Parti Vert",N,N,13
35063,"Mississauga--Streetsville","Mississauga--Streetsville"," 55","Mississauga",N,N,"",0,382,"McIver","","Thomas","People's Party","Parti populaire",N,N,3
35063,"Mississauga--Streetsville","Mississauga--Streetsville"," 55","Mississauga",N,N,"",0,382,"Melek","","Ghada","Conservative","Conservateur",N,N,37
35063,"Mississauga--Streetsville","Mississauga--Streetsville"," 55","Mississauga",N,N,"",0,382,"Sikand","","Gagan","Liberal","Libéral",Y,Y,92
35063,"Mississauga--Streetsville","Mississauga--Streetsville"," 55","Mississauga",N,N,"",0,382,"Spizzirri","","Natalie","Animal Protection Party","Parti Protection Animaux",N,N,1
35063,"Mississauga--Streetsville","Mississauga--Streetsville"," 56","Mississauga",N,N,"",0,491,"Girguis","","Samir","NDP-New Democratic Party","NPD-Nouveau Parti démocratique",N,N,29
35063,"Mississauga--Streetsville","Mississauga--Streetsville"," 56","Mississauga",N,N,"",0,491,"Hill","","Chris","Green Party","Parti Vert",N,N,24
35063,"Mississauga--Streetsville","Mississauga--Streetsville"," 56","Mississauga",N,N,"",0,491,"McIver","","Thomas","People's Party","Parti populaire",N,N,5
35063,"Mississauga--Streetsville","Mississauga--Streetsville"," 56","Mississauga",N,N,"",0,491,"Melek","","Ghada","Conservative","Conservateur",N,N,104
35063,"Mississauga--Streetsville","Mississauga--Streetsville"," 56","Mississauga",N,N,"",0,491,"Sikand","","Gagan","Liberal","Libéral",Y,Y,111
35063,"Mississauga--Streetsville","Mississauga--Streetsville"," 56","Mississauga",N,N,"",0,491,"Spizzirri","","Natalie","Animal Protection Party","Parti Protection Animaux",N,N,1
35063,"Mississauga--Streetsville","Mississauga--Streetsville"," 57","Mississauga",N,N,"",3,543,"Girguis","","Samir","NDP-New Democratic Party","NPD-Nouveau Parti démocratique",N,N,40
35063,"Mississauga--Streetsville","Mississauga--Streetsville"," 57","Mississauga",N,N,"",3,543,"Hill","","Chris","Green Party","Parti Vert",N,N,22
35063,"Mississauga--Streetsville","Mississauga--Streetsville"," 57","Mississauga",N,N,"",3,543,"McIver","","Thomas","People's Party","Parti populaire",N,N,3
35063,"Mississauga--Streetsville","Mississauga--Streetsville"," 57","Mississauga",N,N,"",3,543,"Melek","","Ghada","Conservative","Conservateur",N,N,110
35063,"Mississauga--Streetsville","Mississauga--Streetsville"," 57","Mississauga",N,N,"",3,543,"Sikand","","Gagan","Liberal","Libéral",Y,Y,122
35063,"Mississauga--Streetsville","Mississauga--Streetsville"," 57","Mississauga",N,N,"",3,543,"Spizzirri","","Natalie","Animal Protection Party","Parti Protection Animaux",N,N,1
35063,"Mississauga--Streetsville","Mississauga--Streetsville"," 58","Mississauga",N,N,"",3,411,"Girguis","","Samir","NDP-New Democratic Party","NPD-Nouveau Parti démocratique",N,N,21
35063,"Mississauga--Streetsville","Mississauga--Streetsville"," 58","Mississauga",N,N,"",3,411,"Hill","","Chris","Green Party","Parti Vert",N,N,25
35063,"Mississauga--Streetsville","Mississauga--Streetsville"," 58","Mississauga",N,N,"",3,411,"McIver","","Thomas","People's Party","Parti populaire",N,N,4
35063,"Mississauga--Streetsville","Mississauga--Streetsville"," 58","Mississauga",N,N,"",3,411,"Melek","","Ghada","Conservative","Conservateur",N,N,67
35063,"Mississauga--Streetsville","Mississauga--Streetsville"," 58","Mississauga",N,N,"",3,411,"Sikand","","Gagan","Liberal","Libéral",Y,Y,79
35063,"Mississauga--Streetsville","Mississauga--Streetsville"," 58","Mississauga",N,N,"",3,411,"Spizzirri","","Natalie","Animal Protection Party","Parti Protection Animaux",N,N,0
35063,"Mississauga--Streetsville","Mississauga--Streetsville"," 59","Mississauga",N,N,"",0,360,"Girguis","","Samir","NDP-New Democratic Party","NPD-Nouveau Parti démocratique",N,N,12
35063,"Mississauga--Streetsville","Mississauga--Streetsville"," 59","Mississauga",N,N,"",0,360,"Hill","","Chris","Green Party","Parti Vert",N,N,13
35063,"Mississauga--Streetsville","Mississauga--Streetsville"," 59","Mississauga",N,N,"",0,360,"McIver","","Thomas","People's Party","Parti populaire",N,N,2
35063,"Mississauga--Streetsville","Mississauga--Streetsville"," 59","Mississauga",N,N,"",0,360,"Melek","","Ghada","Conservative","Conservateur",N,N,66
35063,"Mississauga--Streetsville","Mississauga--Streetsville"," 59","Mississauga",N,N,"",0,360,"Sikand","","Gagan","Liberal","Libéral",Y,Y,57
35063,"Mississauga--Streetsville","Mississauga--Streetsville"," 59","Mississauga",N,N,"",0,360,"Spizzirri","","Natalie","Animal Protection Party","Parti Protection Animaux",N,N,1
35063,"Mississauga--Streetsville","Mississauga--Streetsville"," 60","Mississauga",N,N,"",0,527,"Girguis","","Samir","NDP-New Democratic Party","NPD-Nouveau Parti démocratique",N,N,38
35063,"Mississauga--Streetsville","Mississauga--Streetsville"," 60","Mississauga",N,N,"",0,527,"Hill","","Chris","Green Party","Parti Vert",N,N,25
35063,"Mississauga--Streetsville","Mississauga--Streetsville"," 60","Mississauga",N,N,"",0,527,"McIver","","Thomas","People's Party","Parti populaire",N,N,8
35063,"Mississauga--Streetsville","Mississauga--Streetsville"," 60","Mississauga",N,N,"",0,527,"Melek","","Ghada","Conservative","Conservateur",N,N,78
35063,"Mississauga--Streetsville","Mississauga--Streetsville"," 60","Mississauga",N,N,"",0,527,"Sikand","","Gagan","Liberal","Libéral",Y,Y,97
35063,"Mississauga--Streetsville","Mississauga--Streetsville"," 60","Mississauga",N,N,"",0,527,"Spizzirri","","Natalie","Animal Protection Party","Parti Protection Animaux",N,N,1
35063,"Mississauga--Streetsville","Mississauga--Streetsville"," 61","Mississauga",N,N,"",1,328,"Girguis","","Samir","NDP-New Democratic Party","NPD-Nouveau Parti démocratique",N,N,10
35063,"Mississauga--Streetsville","Mississauga--Streetsville"," 61","Mississauga",N,N,"",1,328,"Hill","","Chris","Green Party","Parti Vert",N,N,10
35063,"Mississauga--Streetsville","Mississauga--Streetsville"," 61","Mississauga",N,N,"",1,328,"McIver","","Thomas","People's Party","Parti populaire",N,N,1
35063,"Mississauga--Streetsville","Mississauga--Streetsville"," 61","Mississauga",N,N,"",1,328,"Melek","","Ghada","Conservative","Conservateur",N,N,33
35063,"Mississauga--Streetsville","Mississauga--Streetsville"," 61","Mississauga",N,N,"",1,328,"Sikand","","Gagan","Liberal","Libéral",Y,Y,67
35063,"Mississauga--Streetsville","Mississauga--Streetsville"," 61","Mississauga",N,N,"",1,328,"Spizzirri","","Natalie","Animal Protection Party","Parti Protection Animaux",N,N,1
35063,"Mississauga--Streetsville","Mississauga--Streetsville"," 62","Mississauga",N,N,"",3,559,"Girguis","","Samir","NDP-New Democratic Party","NPD-Nouveau Parti démocratique",N,N,23
35063,"Mississauga--Streetsville","Mississauga--Streetsville"," 62","Mississauga",N,N,"",3,559,"Hill","","Chris","Green Party","Parti Vert",N,N,10
35063,"Mississauga--Streetsville","Mississauga--Streetsville"," 62","Mississauga",N,N,"",3,559,"McIver","","Thomas","People's Party","Parti populaire",N,N,2
35063,"Mississauga--Streetsville","Mississauga--Streetsville"," 62","Mississauga",N,N,"",3,559,"Melek","","Ghada","Conservative","Conservateur",N,N,62
35063,"Mississauga--Streetsville","Mississauga--Streetsville"," 62","Mississauga",N,N,"",3,559,"Sikand","","Gagan","Liberal","Libéral",Y,Y,93
35063,"Mississauga--Streetsville","Mississauga--Streetsville"," 62","Mississauga",N,N,"",3,559,"Spizzirri","","Natalie","Animal Protection Party","Parti Protection Animaux",N,N,2
35063,"Mississauga--Streetsville","Mississauga--Streetsville"," 63","Mississauga",N,N,"",3,380,"Girguis","","Samir","NDP-New Democratic Party","NPD-Nouveau Parti démocratique",N,N,29
35063,"Mississauga--Streetsville","Mississauga--Streetsville"," 63","Mississauga",N,N,"",3,380,"Hill","","Chris","Green Party","Parti Vert",N,N,12
35063,"Mississauga--Streetsville","Mississauga--Streetsville"," 63","Mississauga",N,N,"",3,380,"McIver","","Thomas","People's Party","Parti populaire",N,N,2
35063,"Mississauga--Streetsville","Mississauga--Streetsville"," 63","Mississauga",N,N,"",3,380,"Melek","","Ghada","Conservative","Conservateur",N,N,37
35063,"Mississauga--Streetsville","Mississauga--Streetsville"," 63","Mississauga",N,N,"",3,380,"Sikand","","Gagan","Liberal","Libéral",Y,Y,104
35063,"Mississauga--Streetsville","Mississauga--Streetsville"," 63","Mississauga",N,N,"",3,380,"Spizzirri","","Natalie","Animal Protection Party","Parti Protection Animaux",N,N,2
35063,"Mississauga--Streetsville","Mississauga--Streetsville"," 64","Mississauga",N,N,"",0,386,"Girguis","","Samir","NDP-New Democratic Party","NPD-Nouveau Parti démocratique",N,N,12
35063,"Mississauga--Streetsville","Mississauga--Streetsville"," 64","Mississauga",N,N,"",0,386,"Hill","","Chris","Green Party","Parti Vert",N,N,14
35063,"Mississauga--Streetsville","Mississauga--Streetsville"," 64","Mississauga",N,N,"",0,386,"McIver","","Thomas","People's Party","Parti populaire",N,N,4
35063,"Mississauga--Streetsville","Mississauga--Streetsville"," 64","Mississauga",N,N,"",0,386,"Melek","","Ghada","Conservative","Conservateur",N,N,73
35063,"Mississauga--Streetsville","Mississauga--Streetsville"," 64","Mississauga",N,N,"",0,386,"Sikand","","Gagan","Liberal","Libéral",Y,Y,127
35063,"Mississauga--Streetsville","Mississauga--Streetsville"," 64","Mississauga",N,N,"",0,386,"Spizzirri","","Natalie","Animal Protection Party","Parti Protection Animaux",N,N,1
35063,"Mississauga--Streetsville","Mississauga--Streetsville"," 65","Mississauga",N,N,"",1,405,"Girguis","","Samir","NDP-New Democratic Party","NPD-Nouveau Parti démocratique",N,N,27
35063,"Mississauga--Streetsville","Mississauga--Streetsville"," 65","Mississauga",N,N,"",1,405,"Hill","","Chris","Green Party","Parti Vert",N,N,28
35063,"Mississauga--Streetsville","Mississauga--Streetsville"," 65","Mississauga",N,N,"",1,405,"McIver","","Thomas","People's Party","Parti populaire",N,N,8
35063,"Mississauga--Streetsville","Mississauga--Streetsville"," 65","Mississauga",N,N,"",1,405,"Melek","","Ghada","Conservative","Conservateur",N,N,67
35063,"Mississauga--Streetsville","Mississauga--Streetsville"," 65","Mississauga",N,N,"",1,405,"Sikand","","Gagan","Liberal","Libéral",Y,Y,95
35063,"Mississauga--Streetsville","Mississauga--Streetsville"," 65","Mississauga",N,N,"",1,405,"Spizzirri","","Natalie","Animal Protection Party","Parti Protection Animaux",N,N,1
35063,"Mississauga--Streetsville","Mississauga--Streetsville"," 66","Mississauga",N,N,"",1,483,"Girguis","","Samir","NDP-New Democratic Party","NPD-Nouveau Parti démocratique",N,N,46
35063,"Mississauga--Streetsville","Mississauga--Streetsville"," 66","Mississauga",N,N,"",1,483,"Hill","","Chris","Green Party","Parti Vert",N,N,7
35063,"Mississauga--Streetsville","Mississauga--Streetsville"," 66","Mississauga",N,N,"",1,483,"McIver","","Thomas","People's Party","Parti populaire",N,N,7
35063,"Mississauga--Streetsville","Mississauga--Streetsville"," 66","Mississauga",N,N,"",1,483,"Melek","","Ghada","Conservative","Conservateur",N,N,72
35063,"Mississauga--Streetsville","Mississauga--Streetsville"," 66","Mississauga",N,N,"",1,483,"Sikand","","Gagan","Liberal","Libéral",Y,Y,124
35063,"Mississauga--Streetsville","Mississauga--Streetsville"," 66","Mississauga",N,N,"",1,483,"Spizzirri","","Natalie","Animal Protection Party","Parti Protection Animaux",N,N,2
35063,"Mississauga--Streetsville","Mississauga--Streetsville"," 67","Mississauga",N,N,"",0,483,"Girguis","","Samir","NDP-New Democratic Party","NPD-Nouveau Parti démocratique",N,N,34
35063,"Mississauga--Streetsville","Mississauga--Streetsville"," 67","Mississauga",N,N,"",0,483,"Hill","","Chris","Green Party","Parti Vert",N,N,15
35063,"Mississauga--Streetsville","Mississauga--Streetsville"," 67","Mississauga",N,N,"",0,483,"McIver","","Thomas","People's Party","Parti populaire",N,N,3
35063,"Mississauga--Streetsville","Mississauga--Streetsville"," 67","Mississauga",N,N,"",0,483,"Melek","","Ghada","Conservative","Conservateur",N,N,59
35063,"Mississauga--Streetsville","Mississauga--Streetsville"," 67","Mississauga",N,N,"",0,483,"Sikand","","Gagan","Liberal","Libéral",Y,Y,137
35063,"Mississauga--Streetsville","Mississauga--Streetsville"," 67","Mississauga",N,N,"",0,483,"Spizzirri","","Natalie","Animal Protection Party","Parti Protection Animaux",N,N,1
35063,"Mississauga--Streetsville","Mississauga--Streetsville"," 68","Mississauga",N,N,"",1,486,"Girguis","","Samir","NDP-New Democratic Party","NPD-Nouveau Parti démocratique",N,N,13
35063,"Mississauga--Streetsville","Mississauga--Streetsville"," 68","Mississauga",N,N,"",1,486,"Hill","","Chris","Green Party","Parti Vert",N,N,10
35063,"Mississauga--Streetsville","Mississauga--Streetsville"," 68","Mississauga",N,N,"",1,486,"McIver","","Thomas","People's Party","Parti populaire",N,N,0
35063,"Mississauga--Streetsville","Mississauga--Streetsville"," 68","Mississauga",N,N,"",1,486,"Melek","","Ghada","Conservative","Conservateur",N,N,71
35063,"Mississauga--Streetsville","Mississauga--Streetsville"," 68","Mississauga",N,N,"",1,486,"Sikand","","Gagan","Liberal","Libéral",Y,Y,89
35063,"Mississauga--Streetsville","Mississauga--Streetsville"," 68","Mississauga",N,N,"",1,486,"Spizzirri","","Natalie","Animal Protection Party","Parti Protection Animaux",N,N,0
35063,"Mississauga--Streetsville","Mississauga--Streetsville"," 69","Mississauga",N,N,"",1,446,"Girguis","","Samir","NDP-New Democratic Party","NPD-Nouveau Parti démocratique",N,N,23
35063,"Mississauga--Streetsville","Mississauga--Streetsville"," 69","Mississauga",N,N,"",1,446,"Hill","","Chris","Green Party","Parti Vert",N,N,18
35063,"Mississauga--Streetsville","Mississauga--Streetsville"," 69","Mississauga",N,N,"",1,446,"McIver","","Thomas","People's Party","Parti populaire",N,N,1
35063,"Mississauga--Streetsville","Mississauga--Streetsville"," 69","Mississauga",N,N,"",1,446,"Melek","","Ghada","Conservative","Conservateur",N,N,54
35063,"Mississauga--Streetsville","Mississauga--Streetsville"," 69","Mississauga",N,N,"",1,446,"Sikand","","Gagan","Liberal","Libéral",Y,Y,87
35063,"Mississauga--Streetsville","Mississauga--Streetsville"," 69","Mississauga",N,N,"",1,446,"Spizzirri","","Natalie","Animal Protection Party","Parti Protection Animaux",N,N,1
35063,"Mississauga--Streetsville","Mississauga--Streetsville"," 70","Mississauga",N,N,"",2,568,"Girguis","","Samir","NDP-New Democratic Party","NPD-Nouveau Parti démocratique",N,N,37
35063,"Mississauga--Streetsville","Mississauga--Streetsville"," 70","Mississauga",N,N,"",2,568,"Hill","","Chris","Green Party","Parti Vert",N,N,17
35063,"Mississauga--Streetsville","Mississauga--Streetsville"," 70","Mississauga",N,N,"",2,568,"McIver","","Thomas","People's Party","Parti populaire",N,N,2
35063,"Mississauga--Streetsville","Mississauga--Streetsville"," 70","Mississauga",N,N,"",2,568,"Melek","","Ghada","Conservative","Conservateur",N,N,90
35063,"Mississauga--Streetsville","Mississauga--Streetsville"," 70","Mississauga",N,N,"",2,568,"Sikand","","Gagan","Liberal","Libéral",Y,Y,135
35063,"Mississauga--Streetsville","Mississauga--Streetsville"," 70","Mississauga",N,N,"",2,568,"Spizzirri","","Natalie","Animal Protection Party","Parti Protection Animaux",N,N,0
35063,"Mississauga--Streetsville","Mississauga--Streetsville"," 71","Mississauga",N,N,"",2,578,"Girguis","","Samir","NDP-New Democratic Party","NPD-Nouveau Parti démocratique",N,N,41
35063,"Mississauga--Streetsville","Mississauga--Streetsville"," 71","Mississauga",N,N,"",2,578,"Hill","","Chris","Green Party","Parti Vert",N,N,16
35063,"Mississauga--Streetsville","Mississauga--Streetsville"," 71","Mississauga",N,N,"",2,578,"McIver","","Thomas","People's Party","Parti populaire",N,N,6
35063,"Mississauga--Streetsville","Mississauga--Streetsville"," 71","Mississauga",N,N,"",2,578,"Melek","","Ghada","Conservative","Conservateur",N,N,80
35063,"Mississauga--Streetsville","Mississauga--Streetsville"," 71","Mississauga",N,N,"",2,578,"Sikand","","Gagan","Liberal","Libéral",Y,Y,140
35063,"Mississauga--Streetsville","Mississauga--Streetsville"," 71","Mississauga",N,N,"",2,578,"Spizzirri","","Natalie","Animal Protection Party","Parti Protection Animaux",N,N,1
35063,"Mississauga--Streetsville","Mississauga--Streetsville"," 72","Mississauga",N,N,"",0,449,"Girguis","","Samir","NDP-New Democratic Party","NPD-Nouveau Parti démocratique",N,N,30
35063,"Mississauga--Streetsville","Mississauga--Streetsville"," 72","Mississauga",N,N,"",0,449,"Hill","","Chris","Green Party","Parti Vert",N,N,9
35063,"Mississauga--Streetsville","Mississauga--Streetsville"," 72","Mississauga",N,N,"",0,449,"McIver","","Thomas","People's Party","Parti populaire",N,N,2
35063,"Mississauga--Streetsville","Mississauga--Streetsville"," 72","Mississauga",N,N,"",0,449,"Melek","","Ghada","Conservative","Conservateur",N,N,57
35063,"Mississauga--Streetsville","Mississauga--Streetsville"," 72","Mississauga",N,N,"",0,449,"Sikand","","Gagan","Liberal","Libéral",Y,Y,106
35063,"Mississauga--Streetsville","Mississauga--Streetsville"," 72","Mississauga",N,N,"",0,449,"Spizzirri","","Natalie","Animal Protection Party","Parti Protection Animaux",N,N,2
35063,"Mississauga--Streetsville","Mississauga--Streetsville"," 73","Mississauga",N,N,"",1,429,"Girguis","","Samir","NDP-New Democratic Party","NPD-Nouveau Parti démocratique",N,N,17
35063,"Mississauga--Streetsville","Mississauga--Streetsville"," 73","Mississauga",N,N,"",1,429,"Hill","","Chris","Green Party","Parti Vert",N,N,10
35063,"Mississauga--Streetsville","Mississauga--Streetsville"," 73","Mississauga",N,N,"",1,429,"McIver","","Thomas","People's Party","Parti populaire",N,N,5
35063,"Mississauga--Streetsville","Mississauga--Streetsville"," 73","Mississauga",N,N,"",1,429,"Melek","","Ghada","Conservative","Conservateur",N,N,76
35063,"Mississauga--Streetsville","Mississauga--Streetsville"," 73","Mississauga",N,N,"",1,429,"Sikand","","Gagan","Liberal","Libéral",Y,Y,99
35063,"Mississauga--Streetsville","Mississauga--Streetsville"," 73","Mississauga",N,N,"",1,429,"Spizzirri","","Natalie","Animal Protection Party","Parti Protection Animaux",N,N,1
35063,"Mississauga--Streetsville","Mississauga--Streetsville"," 74","Mississauga",N,N,"",0,419,"Girguis","","Samir","NDP-New Democratic Party","NPD-Nouveau Parti démocratique",N,N,12
35063,"Mississauga--Streetsville","Mississauga--Streetsville"," 74","Mississauga",N,N,"",0,419,"Hill","","Chris","Green Party","Parti Vert",N,N,8
35063,"Mississauga--Streetsville","Mississauga--Streetsville"," 74","Mississauga",N,N,"",0,419,"McIver","","Thomas","People's Party","Parti populaire",N,N,1
35063,"Mississauga--Streetsville","Mississauga--Streetsville"," 74","Mississauga",N,N,"",0,419,"Melek","","Ghada","Conservative","Conservateur",N,N,91
35063,"Mississauga--Streetsville","Mississauga--Streetsville"," 74","Mississauga",N,N,"",0,419,"Sikand","","Gagan","Liberal","Libéral",Y,Y,74
35063,"Mississauga--Streetsville","Mississauga--Streetsville"," 74","Mississauga",N,N,"",0,419,"Spizzirri","","Natalie","Animal Protection Party","Parti Protection Animaux",N,N,1
35063,"Mississauga--Streetsville","Mississauga--Streetsville"," 75","Mississauga",N,N,"",2,307,"Girguis","","Samir","NDP-New Democratic Party","NPD-Nouveau Parti démocratique",N,N,17
35063,"Mississauga--Streetsville","Mississauga--Streetsville"," 75","Mississauga",N,N,"",2,307,"Hill","","Chris","Green Party","Parti Vert",N,N,7
35063,"Mississauga--Streetsville","Mississauga--Streetsville"," 75","Mississauga",N,N,"",2,307,"McIver","","Thomas","People's Party","Parti populaire",N,N,0
35063,"Mississauga--Streetsville","Mississauga--Streetsville"," 75","Mississauga",N,N,"",2,307,"Melek","","Ghada","Conservative","Conservateur",N,N,49
35063,"Mississauga--Streetsville","Mississauga--Streetsville"," 75","Mississauga",N,N,"",2,307,"Sikand","","Gagan","Liberal","Libéral",Y,Y,67
35063,"Mississauga--Streetsville","Mississauga--Streetsville"," 75","Mississauga",N,N,"",2,307,"Spizzirri","","Natalie","Animal Protection Party","Parti Protection Animaux",N,N,1
35063,"Mississauga--Streetsville","Mississauga--Streetsville"," 76","Mississauga",N,N,"",1,330,"Girguis","","Samir","NDP-New Democratic Party","NPD-Nouveau Parti démocratique",N,N,7
35063,"Mississauga--Streetsville","Mississauga--Streetsville"," 76","Mississauga",N,N,"",1,330,"Hill","","Chris","Green Party","Parti Vert",N,N,4
35063,"Mississauga--Streetsville","Mississauga--Streetsville"," 76","Mississauga",N,N,"",1,330,"McIver","","Thomas","People's Party","Parti populaire",N,N,4
35063,"Mississauga--Streetsville","Mississauga--Streetsville"," 76","Mississauga",N,N,"",1,330,"Melek","","Ghada","Conservative","Conservateur",N,N,65
35063,"Mississauga--Streetsville","Mississauga--Streetsville"," 76","Mississauga",N,N,"",1,330,"Sikand","","Gagan","Liberal","Libéral",Y,Y,88
35063,"Mississauga--Streetsville","Mississauga--Streetsville"," 76","Mississauga",N,N,"",1,330,"Spizzirri","","Natalie","Animal Protection Party","Parti Protection Animaux",N,N,1
35063,"Mississauga--Streetsville","Mississauga--Streetsville"," 77","Mississauga",N,N,"",1,308,"Girguis","","Samir","NDP-New Democratic Party","NPD-Nouveau Parti démocratique",N,N,13
35063,"Mississauga--Streetsville","Mississauga--Streetsville"," 77","Mississauga",N,N,"",1,308,"Hill","","Chris","Green Party","Parti Vert",N,N,2
35063,"Mississauga--Streetsville","Mississauga--Streetsville"," 77","Mississauga",N,N,"",1,308,"McIver","","Thomas","People's Party","Parti populaire",N,N,1
35063,"Mississauga--Streetsville","Mississauga--Streetsville"," 77","Mississauga",N,N,"",1,308,"Melek","","Ghada","Conservative","Conservateur",N,N,57
35063,"Mississauga--Streetsville","Mississauga--Streetsville"," 77","Mississauga",N,N,"",1,308,"Sikand","","Gagan","Liberal","Libéral",Y,Y,57
35063,"Mississauga--Streetsville","Mississauga--Streetsville"," 77","Mississauga",N,N,"",1,308,"Spizzirri","","Natalie","Animal Protection Party","Parti Protection Animaux",N,N,0
35063,"Mississauga--Streetsville","Mississauga--Streetsville"," 78","Mississauga",N,N,"",1,354,"Girguis","","Samir","NDP-New Democratic Party","NPD-Nouveau Parti démocratique",N,N,7
35063,"Mississauga--Streetsville","Mississauga--Streetsville"," 78","Mississauga",N,N,"",1,354,"Hill","","Chris","Green Party","Parti Vert",N,N,3
35063,"Mississauga--Streetsville","Mississauga--Streetsville"," 78","Mississauga",N,N,"",1,354,"McIver","","Thomas","People's Party","Parti populaire",N,N,1
35063,"Mississauga--Streetsville","Mississauga--Streetsville"," 78","Mississauga",N,N,"",1,354,"Melek","","Ghada","Conservative","Conservateur",N,N,70
35063,"Mississauga--Streetsville","Mississauga--Streetsville"," 78","Mississauga",N,N,"",1,354,"Sikand","","Gagan","Liberal","Libéral",Y,Y,72
35063,"Mississauga--Streetsville","Mississauga--Streetsville"," 78","Mississauga",N,N,"",1,354,"Spizzirri","","Natalie","Animal Protection Party","Parti Protection Animaux",N,N,0
35063,"Mississauga--Streetsville","Mississauga--Streetsville"," 79","Mississauga",N,N,"",1,491,"Girguis","","Samir","NDP-New Democratic Party","NPD-Nouveau Parti démocratique",N,N,28
35063,"Mississauga--Streetsville","Mississauga--Streetsville"," 79","Mississauga",N,N,"",1,491,"Hill","","Chris","Green Party","Parti Vert",N,N,11
35063,"Mississauga--Streetsville","Mississauga--Streetsville"," 79","Mississauga",N,N,"",1,491,"McIver","","Thomas","People's Party","Parti populaire",N,N,4
35063,"Mississauga--Streetsville","Mississauga--Streetsville"," 79","Mississauga",N,N,"",1,491,"Melek","","Ghada","Conservative","Conservateur",N,N,68
35063,"Mississauga--Streetsville","Mississauga--Streetsville"," 79","Mississauga",N,N,"",1,491,"Sikand","","Gagan","Liberal","Libéral",Y,Y,82
35063,"Mississauga--Streetsville","Mississauga--Streetsville"," 79","Mississauga",N,N,"",1,491,"Spizzirri","","Natalie","Animal Protection Party","Parti Protection Animaux",N,N,5
35063,"Mississauga--Streetsville","Mississauga--Streetsville"," 80","Mississauga",N,N,"",0,521,"Girguis","","Samir","NDP-New Democratic Party","NPD-Nouveau Parti démocratique",N,N,20
35063,"Mississauga--Streetsville","Mississauga--Streetsville"," 80","Mississauga",N,N,"",0,521,"Hill","","Chris","Green Party","Parti Vert",N,N,6
35063,"Mississauga--Streetsville","Mississauga--Streetsville"," 80","Mississauga",N,N,"",0,521,"McIver","","Thomas","People's Party","Parti populaire",N,N,0
35063,"Mississauga--Streetsville","Mississauga--Streetsville"," 80","Mississauga",N,N,"",0,521,"Melek","","Ghada","Conservative","Conservateur",N,N,71
35063,"Mississauga--Streetsville","Mississauga--Streetsville"," 80","Mississauga",N,N,"",0,521,"Sikand","","Gagan","Liberal","Libéral",Y,Y,118
35063,"Mississauga--Streetsville","Mississauga--Streetsville"," 80","Mississauga",N,N,"",0,521,"Spizzirri","","Natalie","Animal Protection Party","Parti Protection Animaux",N,N,1
35063,"Mississauga--Streetsville","Mississauga--Streetsville"," 81","Mississauga",N,N,"",0,381,"Girguis","","Samir","NDP-New Democratic Party","NPD-Nouveau Parti démocratique",N,N,9
35063,"Mississauga--Streetsville","Mississauga--Streetsville"," 81","Mississauga",N,N,"",0,381,"Hill","","Chris","Green Party","Parti Vert",N,N,7
35063,"Mississauga--Streetsville","Mississauga--Streetsville"," 81","Mississauga",N,N,"",0,381,"McIver","","Thomas","People's Party","Parti populaire",N,N,7
35063,"Mississauga--Streetsville","Mississauga--Streetsville"," 81","Mississauga",N,N,"",0,381,"Melek","","Ghada","Conservative","Conservateur",N,N,65
35063,"Mississauga--Streetsville","Mississauga--Streetsville"," 81","Mississauga",N,N,"",0,381,"Sikand","","Gagan","Liberal","Libéral",Y,Y,104
35063,"Mississauga--Streetsville","Mississauga--Streetsville"," 81","Mississauga",N,N,"",0,381,"Spizzirri","","Natalie","Animal Protection Party","Parti Protection Animaux",N,N,1
35063,"Mississauga--Streetsville","Mississauga--Streetsville"," 82","Mississauga",N,N,"",1,479,"Girguis","","Samir","NDP-New Democratic Party","NPD-Nouveau Parti démocratique",N,N,20
35063,"Mississauga--Streetsville","Mississauga--Streetsville"," 82","Mississauga",N,N,"",1,479,"Hill","","Chris","Green Party","Parti Vert",N,N,9
35063,"Mississauga--Streetsville","Mississauga--Streetsville"," 82","Mississauga",N,N,"",1,479,"McIver","","Thomas","People's Party","Parti populaire",N,N,3
35063,"Mississauga--Streetsville","Mississauga--Streetsville"," 82","Mississauga",N,N,"",1,479,"Melek","","Ghada","Conservative","Conservateur",N,N,75
35063,"Mississauga--Streetsville","Mississauga--Streetsville"," 82","Mississauga",N,N,"",1,479,"Sikand","","Gagan","Liberal","Libéral",Y,Y,103
35063,"Mississauga--Streetsville","Mississauga--Streetsville"," 82","Mississauga",N,N,"",1,479,"Spizzirri","","Natalie","Animal Protection Party","Parti Protection Animaux",N,N,3
35063,"Mississauga--Streetsville","Mississauga--Streetsville"," 83","Mississauga",N,N,"",2,487,"Girguis","","Samir","NDP-New Democratic Party","NPD-Nouveau Parti démocratique",N,N,19
35063,"Mississauga--Streetsville","Mississauga--Streetsville"," 83","Mississauga",N,N,"",2,487,"Hill","","Chris","Green Party","Parti Vert",N,N,10
35063,"Mississauga--Streetsville","Mississauga--Streetsville"," 83","Mississauga",N,N,"",2,487,"McIver","","Thomas","People's Party","Parti populaire",N,N,4
35063,"Mississauga--Streetsville","Mississauga--Streetsville"," 83","Mississauga",N,N,"",2,487,"Melek","","Ghada","Conservative","Conservateur",N,N,46
35063,"Mississauga--Streetsville","Mississauga--Streetsville"," 83","Mississauga",N,N,"",2,487,"Sikand","","Gagan","Liberal","Libéral",Y,Y,101
35063,"Mississauga--Streetsville","Mississauga--Streetsville"," 83","Mississauga",N,N,"",2,487,"Spizzirri","","Natalie","Animal Protection Party","Parti Protection Animaux",N,N,0
35063,"Mississauga--Streetsville","Mississauga--Streetsville"," 84","Mississauga",N,N,"",2,537,"Girguis","","Samir","NDP-New Democratic Party","NPD-Nouveau Parti démocratique",N,N,18
35063,"Mississauga--Streetsville","Mississauga--Streetsville"," 84","Mississauga",N,N,"",2,537,"Hill","","Chris","Green Party","Parti Vert",N,N,5
35063,"Mississauga--Streetsville","Mississauga--Streetsville"," 84","Mississauga",N,N,"",2,537,"McIver","","Thomas","People's Party","Parti populaire",N,N,2
35063,"Mississauga--Streetsville","Mississauga--Streetsville"," 84","Mississauga",N,N,"",2,537,"Melek","","Ghada","Conservative","Conservateur",N,N,57
35063,"Mississauga--Streetsville","Mississauga--Streetsville"," 84","Mississauga",N,N,"",2,537,"Sikand","","Gagan","Liberal","Libéral",Y,Y,146
35063,"Mississauga--Streetsville","Mississauga--Streetsville"," 84","Mississauga",N,N,"",2,537,"Spizzirri","","Natalie","Animal Protection Party","Parti Protection Animaux",N,N,1
35063,"Mississauga--Streetsville","Mississauga--Streetsville"," 85","Mississauga",N,N,"",2,419,"Girguis","","Samir","NDP-New Democratic Party","NPD-Nouveau Parti démocratique",N,N,15
35063,"Mississauga--Streetsville","Mississauga--Streetsville"," 85","Mississauga",N,N,"",2,419,"Hill","","Chris","Green Party","Parti Vert",N,N,3
35063,"Mississauga--Streetsville","Mississauga--Streetsville"," 85","Mississauga",N,N,"",2,419,"McIver","","Thomas","People's Party","Parti populaire",N,N,0
35063,"Mississauga--Streetsville","Mississauga--Streetsville"," 85","Mississauga",N,N,"",2,419,"Melek","","Ghada","Conservative","Conservateur",N,N,57
35063,"Mississauga--Streetsville","Mississauga--Streetsville"," 85","Mississauga",N,N,"",2,419,"Sikand","","Gagan","Liberal","Libéral",Y,Y,117
35063,"Mississauga--Streetsville","Mississauga--Streetsville"," 85","Mississauga",N,N,"",2,419,"Spizzirri","","Natalie","Animal Protection Party","Parti Protection Animaux",N,N,0
35063,"Mississauga--Streetsville","Mississauga--Streetsville"," 86","Mississauga",N,N,"",0,477,"Girguis","","Samir","NDP-New Democratic Party","NPD-Nouveau Parti démocratique",N,N,19
35063,"Mississauga--Streetsville","Mississauga--Streetsville"," 86","Mississauga",N,N,"",0,477,"Hill","","Chris","Green Party","Parti Vert",N,N,3
35063,"Mississauga--Streetsville","Mississauga--Streetsville"," 86","Mississauga",N,N,"",0,477,"McIver","","Thomas","People's Party","Parti populaire",N,N,4
35063,"Mississauga--Streetsville","Mississauga--Streetsville"," 86","Mississauga",N,N,"",0,477,"Melek","","Ghada","Conservative","Conservateur",N,N,47
35063,"Mississauga--Streetsville","Mississauga--Streetsville"," 86","Mississauga",N,N,"",0,477,"Sikand","","Gagan","Liberal","Libéral",Y,Y,131
35063,"Mississauga--Streetsville","Mississauga--Streetsville"," 86","Mississauga",N,N,"",0,477,"Spizzirri","","Natalie","Animal Protection Party","Parti Protection Animaux",N,N,1
35063,"Mississauga--Streetsville","Mississauga--Streetsville"," 87","Mississauga",N,N,"",2,381,"Girguis","","Samir","NDP-New Democratic Party","NPD-Nouveau Parti démocratique",N,N,12
35063,"Mississauga--Streetsville","Mississauga--Streetsville"," 87","Mississauga",N,N,"",2,381,"Hill","","Chris","Green Party","Parti Vert",N,N,6
35063,"Mississauga--Streetsville","Mississauga--Streetsville"," 87","Mississauga",N,N,"",2,381,"McIver","","Thomas","People's Party","Parti populaire",N,N,5
35063,"Mississauga--Streetsville","Mississauga--Streetsville"," 87","Mississauga",N,N,"",2,381,"Melek","","Ghada","Conservative","Conservateur",N,N,58
35063,"Mississauga--Streetsville","Mississauga--Streetsville"," 87","Mississauga",N,N,"",2,381,"Sikand","","Gagan","Liberal","Libéral",Y,Y,121
35063,"Mississauga--Streetsville","Mississauga--Streetsville"," 87","Mississauga",N,N,"",2,381,"Spizzirri","","Natalie","Animal Protection Party","Parti Protection Animaux",N,N,0
35063,"Mississauga--Streetsville","Mississauga--Streetsville"," 88","Mississauga",N,N,"",1,438,"Girguis","","Samir","NDP-New Democratic Party","NPD-Nouveau Parti démocratique",N,N,18
35063,"Mississauga--Streetsville","Mississauga--Streetsville"," 88","Mississauga",N,N,"",1,438,"Hill","","Chris","Green Party","Parti Vert",N,N,6
35063,"Mississauga--Streetsville","Mississauga--Streetsville"," 88","Mississauga",N,N,"",1,438,"McIver","","Thomas","People's Party","Parti populaire",N,N,1
35063,"Mississauga--Streetsville","Mississauga--Streetsville"," 88","Mississauga",N,N,"",1,438,"Melek","","Ghada","Conservative","Conservateur",N,N,50
35063,"Mississauga--Streetsville","Mississauga--Streetsville"," 88","Mississauga",N,N,"",1,438,"Sikand","","Gagan","Liberal","Libéral",Y,Y,136
35063,"Mississauga--Streetsville","Mississauga--Streetsville"," 88","Mississauga",N,N,"",1,438,"Spizzirri","","Natalie","Animal Protection Party","Parti Protection Animaux",N,N,0
35063,"Mississauga--Streetsville","Mississauga--Streetsville"," 89","Mississauga",N,N,"",4,354,"Girguis","","Samir","NDP-New Democratic Party","NPD-Nouveau Parti démocratique",N,N,23
35063,"Mississauga--Streetsville","Mississauga--Streetsville"," 89","Mississauga",N,N,"",4,354,"Hill","","Chris","Green Party","Parti Vert",N,N,7
35063,"Mississauga--Streetsville","Mississauga--Streetsville"," 89","Mississauga",N,N,"",4,354,"McIver","","Thomas","People's Party","Parti populaire",N,N,0
35063,"Mississauga--Streetsville","Mississauga--Streetsville"," 89","Mississauga",N,N,"",4,354,"Melek","","Ghada","Conservative","Conservateur",N,N,59
35063,"Mississauga--Streetsville","Mississauga--Streetsville"," 89","Mississauga",N,N,"",4,354,"Sikand","","Gagan","Liberal","Libéral",Y,Y,101
35063,"Mississauga--Streetsville","Mississauga--Streetsville"," 89","Mississauga",N,N,"",4,354,"Spizzirri","","Natalie","Animal Protection Party","Parti Protection Animaux",N,N,1
35063,"Mississauga--Streetsville","Mississauga--Streetsville"," 90","Mississauga",N,N,"",1,457,"Girguis","","Samir","NDP-New Democratic Party","NPD-Nouveau Parti démocratique",N,N,28
35063,"Mississauga--Streetsville","Mississauga--Streetsville"," 90","Mississauga",N,N,"",1,457,"Hill","","Chris","Green Party","Parti Vert",N,N,12
35063,"Mississauga--Streetsville","Mississauga--Streetsville"," 90","Mississauga",N,N,"",1,457,"McIver","","Thomas","People's Party","Parti populaire",N,N,0
35063,"Mississauga--Streetsville","Mississauga--Streetsville"," 90","Mississauga",N,N,"",1,457,"Melek","","Ghada","Conservative","Conservateur",N,N,67
35063,"Mississauga--Streetsville","Mississauga--Streetsville"," 90","Mississauga",N,N,"",1,457,"Sikand","","Gagan","Liberal","Libéral",Y,Y,118
35063,"Mississauga--Streetsville","Mississauga--Streetsville"," 90","Mississauga",N,N,"",1,457,"Spizzirri","","Natalie","Animal Protection Party","Parti Protection Animaux",N,N,0
35063,"Mississauga--Streetsville","Mississauga--Streetsville"," 91","Mississauga",N,N,"",3,472,"Girguis","","Samir","NDP-New Democratic Party","NPD-Nouveau Parti démocratique",N,N,15
35063,"Mississauga--Streetsville","Mississauga--Streetsville"," 91","Mississauga",N,N,"",3,472,"Hill","","Chris","Green Party","Parti Vert",N,N,5
35063,"Mississauga--Streetsville","Mississauga--Streetsville"," 91","Mississauga",N,N,"",3,472,"McIver","","Thomas","People's Party","Parti populaire",N,N,2
35063,"Mississauga--Streetsville","Mississauga--Streetsville"," 91","Mississauga",N,N,"",3,472,"Melek","","Ghada","Conservative","Conservateur",N,N,36
35063,"Mississauga--Streetsville","Mississauga--Streetsville"," 91","Mississauga",N,N,"",3,472,"Sikand","","Gagan","Liberal","Libéral",Y,Y,156
35063,"Mississauga--Streetsville","Mississauga--Streetsville"," 91","Mississauga",N,N,"",3,472,"Spizzirri","","Natalie","Animal Protection Party","Parti Protection Animaux",N,N,1
35063,"Mississauga--Streetsville","Mississauga--Streetsville"," 92","Mississauga",N,N,"",1,459,"Girguis","","Samir","NDP-New Democratic Party","NPD-Nouveau Parti démocratique",N,N,33
35063,"Mississauga--Streetsville","Mississauga--Streetsville"," 92","Mississauga",N,N,"",1,459,"Hill","","Chris","Green Party","Parti Vert",N,N,21
35063,"Mississauga--Streetsville","Mississauga--Streetsville"," 92","Mississauga",N,N,"",1,459,"McIver","","Thomas","People's Party","Parti populaire",N,N,4
35063,"Mississauga--Streetsville","Mississauga--Streetsville"," 92","Mississauga",N,N,"",1,459,"Melek","","Ghada","Conservative","Conservateur",N,N,95
35063,"Mississauga--Streetsville","Mississauga--Streetsville"," 92","Mississauga",N,N,"",1,459,"Sikand","","Gagan","Liberal","Libéral",Y,Y,95
35063,"Mississauga--Streetsville","Mississauga--Streetsville"," 92","Mississauga",N,N,"",1,459,"Spizzirri","","Natalie","Animal Protection Party","Parti Protection Animaux",N,N,1
35063,"Mississauga--Streetsville","Mississauga--Streetsville"," 93","Mississauga",N,N,"",4,604,"Girguis","","Samir","NDP-New Democratic Party","NPD-Nouveau Parti démocratique",N,N,28
35063,"Mississauga--Streetsville","Mississauga--Streetsville"," 93","Mississauga",N,N,"",4,604,"Hill","","Chris","Green Party","Parti Vert",N,N,13
35063,"Mississauga--Streetsville","Mississauga--Streetsville"," 93","Mississauga",N,N,"",4,604,"McIver","","Thomas","People's Party","Parti populaire",N,N,6
35063,"Mississauga--Streetsville","Mississauga--Streetsville"," 93","Mississauga",N,N,"",4,604,"Melek","","Ghada","Conservative","Conservateur",N,N,53
35063,"Mississauga--Streetsville","Mississauga--Streetsville"," 93","Mississauga",N,N,"",4,604,"Sikand","","Gagan","Liberal","Libéral",Y,Y,116
35063,"Mississauga--Streetsville","Mississauga--Streetsville"," 93","Mississauga",N,N,"",4,604,"Spizzirri","","Natalie","Animal Protection Party","Parti Protection Animaux",N,N,2
35063,"Mississauga--Streetsville","Mississauga--Streetsville"," 94","Mississauga",N,N,"",0,507,"Girguis","","Samir","NDP-New Democratic Party","NPD-Nouveau Parti démocratique",N,N,33
35063,"Mississauga--Streetsville","Mississauga--Streetsville"," 94","Mississauga",N,N,"",0,507,"Hill","","Chris","Green Party","Parti Vert",N,N,8
35063,"Mississauga--Streetsville","Mississauga--Streetsville"," 94","Mississauga",N,N,"",0,507,"McIver","","Thomas","People's Party","Parti populaire",N,N,6
35063,"Mississauga--Streetsville","Mississauga--Streetsville"," 94","Mississauga",N,N,"",0,507,"Melek","","Ghada","Conservative","Conservateur",N,N,96
35063,"Mississauga--Streetsville","Mississauga--Streetsville"," 94","Mississauga",N,N,"",0,507,"Sikand","","Gagan","Liberal","Libéral",Y,Y,103
35063,"Mississauga--Streetsville","Mississauga--Streetsville"," 94","Mississauga",N,N,"",0,507,"Spizzirri","","Natalie","Animal Protection Party","Parti Protection Animaux",N,N,0
35063,"Mississauga--Streetsville","Mississauga--Streetsville"," 95","Mississauga",N,N,"",0,351,"Girguis","","Samir","NDP-New Democratic Party","NPD-Nouveau Parti démocratique",N,N,28
35063,"Mississauga--Streetsville","Mississauga--Streetsville"," 95","Mississauga",N,N,"",0,351,"Hill","","Chris","Green Party","Parti Vert",N,N,10
35063,"Mississauga--Streetsville","Mississauga--Streetsville"," 95","Mississauga",N,N,"",0,351,"McIver","","Thomas","People's Party","Parti populaire",N,N,2
35063,"Mississauga--Streetsville","Mississauga--Streetsville"," 95","Mississauga",N,N,"",0,351,"Melek","","Ghada","Conservative","Conservateur",N,N,59
35063,"Mississauga--Streetsville","Mississauga--Streetsville"," 95","Mississauga",N,N,"",0,351,"Sikand","","Gagan","Liberal","Libéral",Y,Y,78
35063,"Mississauga--Streetsville","Mississauga--Streetsville"," 95","Mississauga",N,N,"",0,351,"Spizzirri","","Natalie","Animal Protection Party","Parti Protection Animaux",N,N,2
35063,"Mississauga--Streetsville","Mississauga--Streetsville"," 96","Mississauga",N,N,"",0,555,"Girguis","","Samir","NDP-New Democratic Party","NPD-Nouveau Parti démocratique",N,N,25
35063,"Mississauga--Streetsville","Mississauga--Streetsville"," 96","Mississauga",N,N,"",0,555,"Hill","","Chris","Green Party","Parti Vert",N,N,19
35063,"Mississauga--Streetsville","Mississauga--Streetsville"," 96","Mississauga",N,N,"",0,555,"McIver","","Thomas","People's Party","Parti populaire",N,N,4
35063,"Mississauga--Streetsville","Mississauga--Streetsville"," 96","Mississauga",N,N,"",0,555,"Melek","","Ghada","Conservative","Conservateur",N,N,101
35063,"Mississauga--Streetsville","Mississauga--Streetsville"," 96","Mississauga",N,N,"",0,555,"Sikand","","Gagan","Liberal","Libéral",Y,Y,128
35063,"Mississauga--Streetsville","Mississauga--Streetsville"," 96","Mississauga",N,N,"",0,555,"Spizzirri","","Natalie","Animal Protection Party","Parti Protection Animaux",N,N,0
35063,"Mississauga--Streetsville","Mississauga--Streetsville"," 97","Mississauga",N,N,"",0,479,"Girguis","","Samir","NDP-New Democratic Party","NPD-Nouveau Parti démocratique",N,N,15
35063,"Mississauga--Streetsville","Mississauga--Streetsville"," 97","Mississauga",N,N,"",0,479,"Hill","","Chris","Green Party","Parti Vert",N,N,5
35063,"Mississauga--Streetsville","Mississauga--Streetsville"," 97","Mississauga",N,N,"",0,479,"McIver","","Thomas","People's Party","Parti populaire",N,N,4
35063,"Mississauga--Streetsville","Mississauga--Streetsville"," 97","Mississauga",N,N,"",0,479,"Melek","","Ghada","Conservative","Conservateur",N,N,69
35063,"Mississauga--Streetsville","Mississauga--Streetsville"," 97","Mississauga",N,N,"",0,479,"Sikand","","Gagan","Liberal","Libéral",Y,Y,84
35063,"Mississauga--Streetsville","Mississauga--Streetsville"," 97","Mississauga",N,N,"",0,479,"Spizzirri","","Natalie","Animal Protection Party","Parti Protection Animaux",N,N,0
35063,"Mississauga--Streetsville","Mississauga--Streetsville"," 98","Mississauga",N,N,"",1,566,"Girguis","","Samir","NDP-New Democratic Party","NPD-Nouveau Parti démocratique",N,N,32
35063,"Mississauga--Streetsville","Mississauga--Streetsville"," 98","Mississauga",N,N,"",1,566,"Hill","","Chris","Green Party","Parti Vert",N,N,5
35063,"Mississauga--Streetsville","Mississauga--Streetsville"," 98","Mississauga",N,N,"",1,566,"McIver","","Thomas","People's Party","Parti populaire",N,N,2
35063,"Mississauga--Streetsville","Mississauga--Streetsville"," 98","Mississauga",N,N,"",1,566,"Melek","","Ghada","Conservative","Conservateur",N,N,86
35063,"Mississauga--Streetsville","Mississauga--Streetsville"," 98","Mississauga",N,N,"",1,566,"Sikand","","Gagan","Liberal","Libéral",Y,Y,128
35063,"Mississauga--Streetsville","Mississauga--Streetsville"," 98","Mississauga",N,N,"",1,566,"Spizzirri","","Natalie","Animal Protection Party","Parti Protection Animaux",N,N,1
35063,"Mississauga--Streetsville","Mississauga--Streetsville"," 99","Mississauga",N,N,"",1,431,"Girguis","","Samir","NDP-New Democratic Party","NPD-Nouveau Parti démocratique",N,N,26
35063,"Mississauga--Streetsville","Mississauga--Streetsville"," 99","Mississauga",N,N,"",1,431,"Hill","","Chris","Green Party","Parti Vert",N,N,10
35063,"Mississauga--Streetsville","Mississauga--Streetsville"," 99","Mississauga",N,N,"",1,431,"McIver","","Thomas","People's Party","Parti populaire",N,N,1
35063,"Mississauga--Streetsville","Mississauga--Streetsville"," 99","Mississauga",N,N,"",1,431,"Melek","","Ghada","Conservative","Conservateur",N,N,55
35063,"Mississauga--Streetsville","Mississauga--Streetsville"," 99","Mississauga",N,N,"",1,431,"Sikand","","Gagan","Liberal","Libéral",Y,Y,84
35063,"Mississauga--Streetsville","Mississauga--Streetsville"," 99","Mississauga",N,N,"",1,431,"Spizzirri","","Natalie","Animal Protection Party","Parti Protection Animaux",N,N,3
35063,"Mississauga--Streetsville","Mississauga--Streetsville"," 100","Mississauga",N,N,"",0,402,"Girguis","","Samir","NDP-New Democratic Party","NPD-Nouveau Parti démocratique",N,N,13
35063,"Mississauga--Streetsville","Mississauga--Streetsville"," 100","Mississauga",N,N,"",0,402,"Hill","","Chris","Green Party","Parti Vert",N,N,14
35063,"Mississauga--Streetsville","Mississauga--Streetsville"," 100","Mississauga",N,N,"",0,402,"McIver","","Thomas","People's Party","Parti populaire",N,N,2
35063,"Mississauga--Streetsville","Mississauga--Streetsville"," 100","Mississauga",N,N,"",0,402,"Melek","","Ghada","Conservative","Conservateur",N,N,55
35063,"Mississauga--Streetsville","Mississauga--Streetsville"," 100","Mississauga",N,N,"",0,402,"Sikand","","Gagan","Liberal","Libéral",Y,Y,94
35063,"Mississauga--Streetsville","Mississauga--Streetsville"," 100","Mississauga",N,N,"",0,402,"Spizzirri","","Natalie","Animal Protection Party","Parti Protection Animaux",N,N,1
35063,"Mississauga--Streetsville","Mississauga--Streetsville"," 101","Mississauga",N,N,"",0,302,"Girguis","","Samir","NDP-New Democratic Party","NPD-Nouveau Parti démocratique",N,N,20
35063,"Mississauga--Streetsville","Mississauga--Streetsville"," 101","Mississauga",N,N,"",0,302,"Hill","","Chris","Green Party","Parti Vert",N,N,5
35063,"Mississauga--Streetsville","Mississauga--Streetsville"," 101","Mississauga",N,N,"",0,302,"McIver","","Thomas","People's Party","Parti populaire",N,N,1
35063,"Mississauga--Streetsville","Mississauga--Streetsville"," 101","Mississauga",N,N,"",0,302,"Melek","","Ghada","Conservative","Conservateur",N,N,46
35063,"Mississauga--Streetsville","Mississauga--Streetsville"," 101","Mississauga",N,N,"",0,302,"Sikand","","Gagan","Liberal","Libéral",Y,Y,68
35063,"Mississauga--Streetsville","Mississauga--Streetsville"," 101","Mississauga",N,N,"",0,302,"Spizzirri","","Natalie","Animal Protection Party","Parti Protection Animaux",N,N,2
35063,"Mississauga--Streetsville","Mississauga--Streetsville"," 102","Mississauga",N,N,"",1,432,"Girguis","","Samir","NDP-New Democratic Party","NPD-Nouveau Parti démocratique",N,N,20
35063,"Mississauga--Streetsville","Mississauga--Streetsville"," 102","Mississauga",N,N,"",1,432,"Hill","","Chris","Green Party","Parti Vert",N,N,13
35063,"Mississauga--Streetsville","Mississauga--Streetsville"," 102","Mississauga",N,N,"",1,432,"McIver","","Thomas","People's Party","Parti populaire",N,N,0
35063,"Mississauga--Streetsville","Mississauga--Streetsville"," 102","Mississauga",N,N,"",1,432,"Melek","","Ghada","Conservative","Conservateur",N,N,46
35063,"Mississauga--Streetsville","Mississauga--Streetsville"," 102","Mississauga",N,N,"",1,432,"Sikand","","Gagan","Liberal","Libéral",Y,Y,125
35063,"Mississauga--Streetsville","Mississauga--Streetsville"," 102","Mississauga",N,N,"",1,432,"Spizzirri","","Natalie","Animal Protection Party","Parti Protection Animaux",N,N,0
35063,"Mississauga--Streetsville","Mississauga--Streetsville"," 103","Mississauga",N,N,"",1,499,"Girguis","","Samir","NDP-New Democratic Party","NPD-Nouveau Parti démocratique",N,N,29
35063,"Mississauga--Streetsville","Mississauga--Streetsville"," 103","Mississauga",N,N,"",1,499,"Hill","","Chris","Green Party","Parti Vert",N,N,12
35063,"Mississauga--Streetsville","Mississauga--Streetsville"," 103","Mississauga",N,N,"",1,499,"McIver","","Thomas","People's Party","Parti populaire",N,N,2
35063,"Mississauga--Streetsville","Mississauga--Streetsville"," 103","Mississauga",N,N,"",1,499,"Melek","","Ghada","Conservative","Conservateur",N,N,82
35063,"Mississauga--Streetsville","Mississauga--Streetsville"," 103","Mississauga",N,N,"",1,499,"Sikand","","Gagan","Liberal","Libéral",Y,Y,120
35063,"Mississauga--Streetsville","Mississauga--Streetsville"," 103","Mississauga",N,N,"",1,499,"Spizzirri","","Natalie","Animal Protection Party","Parti Protection Animaux",N,N,1
35063,"Mississauga--Streetsville","Mississauga--Streetsville"," 104","Mississauga",N,N,"",2,401,"Girguis","","Samir","NDP-New Democratic Party","NPD-Nouveau Parti démocratique",N,N,16
35063,"Mississauga--Streetsville","Mississauga--Streetsville"," 104","Mississauga",N,N,"",2,401,"Hill","","Chris","Green Party","Parti Vert",N,N,12
35063,"Mississauga--Streetsville","Mississauga--Streetsville"," 104","Mississauga",N,N,"",2,401,"McIver","","Thomas","People's Party","Parti populaire",N,N,2
35063,"Mississauga--Streetsville","Mississauga--Streetsville"," 104","Mississauga",N,N,"",2,401,"Melek","","Ghada","Conservative","Conservateur",N,N,94
35063,"Mississauga--Streetsville","Mississauga--Streetsville"," 104","Mississauga",N,N,"",2,401,"Sikand","","Gagan","Liberal","Libéral",Y,Y,99
35063,"Mississauga--Streetsville","Mississauga--Streetsville"," 104","Mississauga",N,N,"",2,401,"Spizzirri","","Natalie","Animal Protection Party","Parti Protection Animaux",N,N,1
35063,"Mississauga--Streetsville","Mississauga--Streetsville"," 105","Mississauga",N,N,"",1,494,"Girguis","","Samir","NDP-New Democratic Party","NPD-Nouveau Parti démocratique",N,N,27
35063,"Mississauga--Streetsville","Mississauga--Streetsville"," 105","Mississauga",N,N,"",1,494,"Hill","","Chris","Green Party","Parti Vert",N,N,21
35063,"Mississauga--Streetsville","Mississauga--Streetsville"," 105","Mississauga",N,N,"",1,494,"McIver","","Thomas","People's Party","Parti populaire",N,N,7
35063,"Mississauga--Streetsville","Mississauga--Streetsville"," 105","Mississauga",N,N,"",1,494,"Melek","","Ghada","Conservative","Conservateur",N,N,104
35063,"Mississauga--Streetsville","Mississauga--Streetsville"," 105","Mississauga",N,N,"",1,494,"Sikand","","Gagan","Liberal","Libéral",Y,Y,115
35063,"Mississauga--Streetsville","Mississauga--Streetsville"," 105","Mississauga",N,N,"",1,494,"Spizzirri","","Natalie","Animal Protection Party","Parti Protection Animaux",N,N,0
35063,"Mississauga--Streetsville","Mississauga--Streetsville"," 106","Mississauga",N,N,"",5,204,"Girguis","","Samir","NDP-New Democratic Party","NPD-Nouveau Parti démocratique",N,N,14
35063,"Mississauga--Streetsville","Mississauga--Streetsville"," 106","Mississauga",N,N,"",5,204,"Hill","","Chris","Green Party","Parti Vert",N,N,10
35063,"Mississauga--Streetsville","Mississauga--Streetsville"," 106","Mississauga",N,N,"",5,204,"McIver","","Thomas","People's Party","Parti populaire",N,N,1
35063,"Mississauga--Streetsville","Mississauga--Streetsville"," 106","Mississauga",N,N,"",5,204,"Melek","","Ghada","Conservative","Conservateur",N,N,46
35063,"Mississauga--Streetsville","Mississauga--Streetsville"," 106","Mississauga",N,N,"",5,204,"Sikand","","Gagan","Liberal","Libéral",Y,Y,68
35063,"Mississauga--Streetsville","Mississauga--Streetsville"," 106","Mississauga",N,N,"",5,204,"Spizzirri","","Natalie","Animal Protection Party","Parti Protection Animaux",N,N,0
35063,"Mississauga--Streetsville","Mississauga--Streetsville"," 107","Mississauga",N,N,"",3,498,"Girguis","","Samir","NDP-New Democratic Party","NPD-Nouveau Parti démocratique",N,N,24
35063,"Mississauga--Streetsville","Mississauga--Streetsville"," 107","Mississauga",N,N,"",3,498,"Hill","","Chris","Green Party","Parti Vert",N,N,17
35063,"Mississauga--Streetsville","Mississauga--Streetsville"," 107","Mississauga",N,N,"",3,498,"McIver","","Thomas","People's Party","Parti populaire",N,N,4
35063,"Mississauga--Streetsville","Mississauga--Streetsville"," 107","Mississauga",N,N,"",3,498,"Melek","","Ghada","Conservative","Conservateur",N,N,85
35063,"Mississauga--Streetsville","Mississauga--Streetsville"," 107","Mississauga",N,N,"",3,498,"Sikand","","Gagan","Liberal","Libéral",Y,Y,87
35063,"Mississauga--Streetsville","Mississauga--Streetsville"," 107","Mississauga",N,N,"",3,498,"Spizzirri","","Natalie","Animal Protection Party","Parti Protection Animaux",N,N,0
35063,"Mississauga--Streetsville","Mississauga--Streetsville"," 108","Mississauga",N,N,"",0,468,"Girguis","","Samir","NDP-New Democratic Party","NPD-Nouveau Parti démocratique",N,N,26
35063,"Mississauga--Streetsville","Mississauga--Streetsville"," 108","Mississauga",N,N,"",0,468,"Hill","","Chris","Green Party","Parti Vert",N,N,9
35063,"Mississauga--Streetsville","Mississauga--Streetsville"," 108","Mississauga",N,N,"",0,468,"McIver","","Thomas","People's Party","Parti populaire",N,N,3
35063,"Mississauga--Streetsville","Mississauga--Streetsville"," 108","Mississauga",N,N,"",0,468,"Melek","","Ghada","Conservative","Conservateur",N,N,61
35063,"Mississauga--Streetsville","Mississauga--Streetsville"," 108","Mississauga",N,N,"",0,468,"Sikand","","Gagan","Liberal","Libéral",Y,Y,95
35063,"Mississauga--Streetsville","Mississauga--Streetsville"," 108","Mississauga",N,N,"",0,468,"Spizzirri","","Natalie","Animal Protection Party","Parti Protection Animaux",N,N,0
35063,"Mississauga--Streetsville","Mississauga--Streetsville"," 109","Mississauga",N,N,"",0,326,"Girguis","","Samir","NDP-New Democratic Party","NPD-Nouveau Parti démocratique",N,N,17
35063,"Mississauga--Streetsville","Mississauga--Streetsville"," 109","Mississauga",N,N,"",0,326,"Hill","","Chris","Green Party","Parti Vert",N,N,5
35063,"Mississauga--Streetsville","Mississauga--Streetsville"," 109","Mississauga",N,N,"",0,326,"McIver","","Thomas","People's Party","Parti populaire",N,N,0
35063,"Mississauga--Streetsville","Mississauga--Streetsville"," 109","Mississauga",N,N,"",0,326,"Melek","","Ghada","Conservative","Conservateur",N,N,54
35063,"Mississauga--Streetsville","Mississauga--Streetsville"," 109","Mississauga",N,N,"",0,326,"Sikand","","Gagan","Liberal","Libéral",Y,Y,73
35063,"Mississauga--Streetsville","Mississauga--Streetsville"," 109","Mississauga",N,N,"",0,326,"Spizzirri","","Natalie","Animal Protection Party","Parti Protection Animaux",N,N,0
35063,"Mississauga--Streetsville","Mississauga--Streetsville"," 110","Mississauga",N,N,"",0,440,"Girguis","","Samir","NDP-New Democratic Party","NPD-Nouveau Parti démocratique",N,N,25
35063,"Mississauga--Streetsville","Mississauga--Streetsville"," 110","Mississauga",N,N,"",0,440,"Hill","","Chris","Green Party","Parti Vert",N,N,21
35063,"Mississauga--Streetsville","Mississauga--Streetsville"," 110","Mississauga",N,N,"",0,440,"McIver","","Thomas","People's Party","Parti populaire",N,N,6
35063,"Mississauga--Streetsville","Mississauga--Streetsville"," 110","Mississauga",N,N,"",0,440,"Melek","","Ghada","Conservative","Conservateur",N,N,81
35063,"Mississauga--Streetsville","Mississauga--Streetsville"," 110","Mississauga",N,N,"",0,440,"Sikand","","Gagan","Liberal","Libéral",Y,Y,101
35063,"Mississauga--Streetsville","Mississauga--Streetsville"," 110","Mississauga",N,N,"",0,440,"Spizzirri","","Natalie","Animal Protection Party","Parti Protection Animaux",N,N,1
35063,"Mississauga--Streetsville","Mississauga--Streetsville"," 111","Mississauga",N,N,"",5,427,"Girguis","","Samir","NDP-New Democratic Party","NPD-Nouveau Parti démocratique",N,N,15
35063,"Mississauga--Streetsville","Mississauga--Streetsville"," 111","Mississauga",N,N,"",5,427,"Hill","","Chris","Green Party","Parti Vert",N,N,20
35063,"Mississauga--Streetsville","Mississauga--Streetsville"," 111","Mississauga",N,N,"",5,427,"McIver","","Thomas","People's Party","Parti populaire",N,N,5
35063,"Mississauga--Streetsville","Mississauga--Streetsville"," 111","Mississauga",N,N,"",5,427,"Melek","","Ghada","Conservative","Conservateur",N,N,88
35063,"Mississauga--Streetsville","Mississauga--Streetsville"," 111","Mississauga",N,N,"",5,427,"Sikand","","Gagan","Liberal","Libéral",Y,Y,99
35063,"Mississauga--Streetsville","Mississauga--Streetsville"," 111","Mississauga",N,N,"",5,427,"Spizzirri","","Natalie","Animal Protection Party","Parti Protection Animaux",N,N,1
35063,"Mississauga--Streetsville","Mississauga--Streetsville"," 112","Mississauga",N,N,"",1,469,"Girguis","","Samir","NDP-New Democratic Party","NPD-Nouveau Parti démocratique",N,N,22
35063,"Mississauga--Streetsville","Mississauga--Streetsville"," 112","Mississauga",N,N,"",1,469,"Hill","","Chris","Green Party","Parti Vert",N,N,6
35063,"Mississauga--Streetsville","Mississauga--Streetsville"," 112","Mississauga",N,N,"",1,469,"McIver","","Thomas","People's Party","Parti populaire",N,N,0
35063,"Mississauga--Streetsville","Mississauga--Streetsville"," 112","Mississauga",N,N,"",1,469,"Melek","","Ghada","Conservative","Conservateur",N,N,71
35063,"Mississauga--Streetsville","Mississauga--Streetsville"," 112","Mississauga",N,N,"",1,469,"Sikand","","Gagan","Liberal","Libéral",Y,Y,112
35063,"Mississauga--Streetsville","Mississauga--Streetsville"," 112","Mississauga",N,N,"",1,469,"Spizzirri","","Natalie","Animal Protection Party","Parti Protection Animaux",N,N,0
35063,"Mississauga--Streetsville","Mississauga--Streetsville"," 113","Mississauga",N,N,"",1,516,"Girguis","","Samir","NDP-New Democratic Party","NPD-Nouveau Parti démocratique",N,N,17
35063,"Mississauga--Streetsville","Mississauga--Streetsville"," 113","Mississauga",N,N,"",1,516,"Hill","","Chris","Green Party","Parti Vert",N,N,2
35063,"Mississauga--Streetsville","Mississauga--Streetsville"," 113","Mississauga",N,N,"",1,516,"McIver","","Thomas","People's Party","Parti populaire",N,N,2
35063,"Mississauga--Streetsville","Mississauga--Streetsville"," 113","Mississauga",N,N,"",1,516,"Melek","","Ghada","Conservative","Conservateur",N,N,99
35063,"Mississauga--Streetsville","Mississauga--Streetsville"," 113","Mississauga",N,N,"",1,516,"Sikand","","Gagan","Liberal","Libéral",Y,Y,104
35063,"Mississauga--Streetsville","Mississauga--Streetsville"," 113","Mississauga",N,N,"",1,516,"Spizzirri","","Natalie","Animal Protection Party","Parti Protection Animaux",N,N,0
35063,"Mississauga--Streetsville","Mississauga--Streetsville"," 114","Mississauga",N,N,"",3,439,"Girguis","","Samir","NDP-New Democratic Party","NPD-Nouveau Parti démocratique",N,N,19
35063,"Mississauga--Streetsville","Mississauga--Streetsville"," 114","Mississauga",N,N,"",3,439,"Hill","","Chris","Green Party","Parti Vert",N,N,7
35063,"Mississauga--Streetsville","Mississauga--Streetsville"," 114","Mississauga",N,N,"",3,439,"McIver","","Thomas","People's Party","Parti populaire",N,N,3
35063,"Mississauga--Streetsville","Mississauga--Streetsville"," 114","Mississauga",N,N,"",3,439,"Melek","","Ghada","Conservative","Conservateur",N,N,88
35063,"Mississauga--Streetsville","Mississauga--Streetsville"," 114","Mississauga",N,N,"",3,439,"Sikand","","Gagan","Liberal","Libéral",Y,Y,74
35063,"Mississauga--Streetsville","Mississauga--Streetsville"," 114","Mississauga",N,N,"",3,439,"Spizzirri","","Natalie","Animal Protection Party","Parti Protection Animaux",N,N,0
35063,"Mississauga--Streetsville","Mississauga--Streetsville"," 115","Mississauga",N,N,"",2,486,"Girguis","","Samir","NDP-New Democratic Party","NPD-Nouveau Parti démocratique",N,N,19
35063,"Mississauga--Streetsville","Mississauga--Streetsville"," 115","Mississauga",N,N,"",2,486,"Hill","","Chris","Green Party","Parti Vert",N,N,8
35063,"Mississauga--Streetsville","Mississauga--Streetsville"," 115","Mississauga",N,N,"",2,486,"McIver","","Thomas","People's Party","Parti populaire",N,N,1
35063,"Mississauga--Streetsville","Mississauga--Streetsville"," 115","Mississauga",N,N,"",2,486,"Melek","","Ghada","Conservative","Conservateur",N,N,74
35063,"Mississauga--Streetsville","Mississauga--Streetsville"," 115","Mississauga",N,N,"",2,486,"Sikand","","Gagan","Liberal","Libéral",Y,Y,87
35063,"Mississauga--Streetsville","Mississauga--Streetsville"," 115","Mississauga",N,N,"",2,486,"Spizzirri","","Natalie","Animal Protection Party","Parti Protection Animaux",N,N,1
35063,"Mississauga--Streetsville","Mississauga--Streetsville"," 116","Mississauga",N,N,"",1,510,"Girguis","","Samir","NDP-New Democratic Party","NPD-Nouveau Parti démocratique",N,N,26
35063,"Mississauga--Streetsville","Mississauga--Streetsville"," 116","Mississauga",N,N,"",1,510,"Hill","","Chris","Green Party","Parti Vert",N,N,11
35063,"Mississauga--Streetsville","Mississauga--Streetsville"," 116","Mississauga",N,N,"",1,510,"McIver","","Thomas","People's Party","Parti populaire",N,N,1
35063,"Mississauga--Streetsville","Mississauga--Streetsville"," 116","Mississauga",N,N,"",1,510,"Melek","","Ghada","Conservative","Conservateur",N,N,57
35063,"Mississauga--Streetsville","Mississauga--Streetsville"," 116","Mississauga",N,N,"",1,510,"Sikand","","Gagan","Liberal","Libéral",Y,Y,98
35063,"Mississauga--Streetsville","Mississauga--Streetsville"," 116","Mississauga",N,N,"",1,510,"Spizzirri","","Natalie","Animal Protection Party","Parti Protection Animaux",N,N,2
35063,"Mississauga--Streetsville","Mississauga--Streetsville"," 117","Mississauga",N,N,"",0,457,"Girguis","","Samir","NDP-New Democratic Party","NPD-Nouveau Parti démocratique",N,N,34
35063,"Mississauga--Streetsville","Mississauga--Streetsville"," 117","Mississauga",N,N,"",0,457,"Hill","","Chris","Green Party","Parti Vert",N,N,14
35063,"Mississauga--Streetsville","Mississauga--Streetsville"," 117","Mississauga",N,N,"",0,457,"McIver","","Thomas","People's Party","Parti populaire",N,N,3
35063,"Mississauga--Streetsville","Mississauga--Streetsville"," 117","Mississauga",N,N,"",0,457,"Melek","","Ghada","Conservative","Conservateur",N,N,53
35063,"Mississauga--Streetsville","Mississauga--Streetsville"," 117","Mississauga",N,N,"",0,457,"Sikand","","Gagan","Liberal","Libéral",Y,Y,92
35063,"Mississauga--Streetsville","Mississauga--Streetsville"," 117","Mississauga",N,N,"",0,457,"Spizzirri","","Natalie","Animal Protection Party","Parti Protection Animaux",N,N,1
35063,"Mississauga--Streetsville","Mississauga--Streetsville"," 118","Mississauga",N,N,"",0,444,"Girguis","","Samir","NDP-New Democratic Party","NPD-Nouveau Parti démocratique",N,N,35
35063,"Mississauga--Streetsville","Mississauga--Streetsville"," 118","Mississauga",N,N,"",0,444,"Hill","","Chris","Green Party","Parti Vert",N,N,8
35063,"Mississauga--Streetsville","Mississauga--Streetsville"," 118","Mississauga",N,N,"",0,444,"McIver","","Thomas","People's Party","Parti populaire",N,N,11
35063,"Mississauga--Streetsville","Mississauga--Streetsville"," 118","Mississauga",N,N,"",0,444,"Melek","","Ghada","Conservative","Conservateur",N,N,80
35063,"Mississauga--Streetsville","Mississauga--Streetsville"," 118","Mississauga",N,N,"",0,444,"Sikand","","Gagan","Liberal","Libéral",Y,Y,98
35063,"Mississauga--Streetsville","Mississauga--Streetsville"," 118","Mississauga",N,N,"",0,444,"Spizzirri","","Natalie","Animal Protection Party","Parti Protection Animaux",N,N,1
35063,"Mississauga--Streetsville","Mississauga--Streetsville"," 119","Mississauga",N,N,"",1,595,"Girguis","","Samir","NDP-New Democratic Party","NPD-Nouveau Parti démocratique",N,N,52
35063,"Mississauga--Streetsville","Mississauga--Streetsville"," 119","Mississauga",N,N,"",1,595,"Hill","","Chris","Green Party","Parti Vert",N,N,16
35063,"Mississauga--Streetsville","Mississauga--Streetsville"," 119","Mississauga",N,N,"",1,595,"McIver","","Thomas","People's Party","Parti populaire",N,N,4
35063,"Mississauga--Streetsville","Mississauga--Streetsville"," 119","Mississauga",N,N,"",1,595,"Melek","","Ghada","Conservative","Conservateur",N,N,135
35063,"Mississauga--Streetsville","Mississauga--Streetsville"," 119","Mississauga",N,N,"",1,595,"Sikand","","Gagan","Liberal","Libéral",Y,Y,144
35063,"Mississauga--Streetsville","Mississauga--Streetsville"," 119","Mississauga",N,N,"",1,595,"Spizzirri","","Natalie","Animal Protection Party","Parti Protection Animaux",N,N,2
35063,"Mississauga--Streetsville","Mississauga--Streetsville"," 120","Mississauga",N,N,"",1,270,"Girguis","","Samir","NDP-New Democratic Party","NPD-Nouveau Parti démocratique",N,N,18
35063,"Mississauga--Streetsville","Mississauga--Streetsville"," 120","Mississauga",N,N,"",1,270,"Hill","","Chris","Green Party","Parti Vert",N,N,10
35063,"Mississauga--Streetsville","Mississauga--Streetsville"," 120","Mississauga",N,N,"",1,270,"McIver","","Thomas","People's Party","Parti populaire",N,N,0
35063,"Mississauga--Streetsville","Mississauga--Streetsville"," 120","Mississauga",N,N,"",1,270,"Melek","","Ghada","Conservative","Conservateur",N,N,39
35063,"Mississauga--Streetsville","Mississauga--Streetsville"," 120","Mississauga",N,N,"",1,270,"Sikand","","Gagan","Liberal","Libéral",Y,Y,74
35063,"Mississauga--Streetsville","Mississauga--Streetsville"," 120","Mississauga",N,N,"",1,270,"Spizzirri","","Natalie","Animal Protection Party","Parti Protection Animaux",N,N,1
35063,"Mississauga--Streetsville","Mississauga--Streetsville"," 121","Mississauga",N,N,"",4,497,"Girguis","","Samir","NDP-New Democratic Party","NPD-Nouveau Parti démocratique",N,N,44
35063,"Mississauga--Streetsville","Mississauga--Streetsville"," 121","Mississauga",N,N,"",4,497,"Hill","","Chris","Green Party","Parti Vert",N,N,20
35063,"Mississauga--Streetsville","Mississauga--Streetsville"," 121","Mississauga",N,N,"",4,497,"McIver","","Thomas","People's Party","Parti populaire",N,N,8
35063,"Mississauga--Streetsville","Mississauga--Streetsville"," 121","Mississauga",N,N,"",4,497,"Melek","","Ghada","Conservative","Conservateur",N,N,99
35063,"Mississauga--Streetsville","Mississauga--Streetsville"," 121","Mississauga",N,N,"",4,497,"Sikand","","Gagan","Liberal","Libéral",Y,Y,118
35063,"Mississauga--Streetsville","Mississauga--Streetsville"," 121","Mississauga",N,N,"",4,497,"Spizzirri","","Natalie","Animal Protection Party","Parti Protection Animaux",N,N,3
35063,"Mississauga--Streetsville","Mississauga--Streetsville"," 122","Mississauga",N,N,"",0,280,"Girguis","","Samir","NDP-New Democratic Party","NPD-Nouveau Parti démocratique",N,N,15
35063,"Mississauga--Streetsville","Mississauga--Streetsville"," 122","Mississauga",N,N,"",0,280,"Hill","","Chris","Green Party","Parti Vert",N,N,5
35063,"Mississauga--Streetsville","Mississauga--Streetsville"," 122","Mississauga",N,N,"",0,280,"McIver","","Thomas","People's Party","Parti populaire",N,N,1
35063,"Mississauga--Streetsville","Mississauga--Streetsville"," 122","Mississauga",N,N,"",0,280,"Melek","","Ghada","Conservative","Conservateur",N,N,59
35063,"Mississauga--Streetsville","Mississauga--Streetsville"," 122","Mississauga",N,N,"",0,280,"Sikand","","Gagan","Liberal","Libéral",Y,Y,74
35063,"Mississauga--Streetsville","Mississauga--Streetsville"," 122","Mississauga",N,N,"",0,280,"Spizzirri","","Natalie","Animal Protection Party","Parti Protection Animaux",N,N,1
35063,"Mississauga--Streetsville","Mississauga--Streetsville"," 123","Mississauga",N,N,"",0,500,"Girguis","","Samir","NDP-New Democratic Party","NPD-Nouveau Parti démocratique",N,N,27
35063,"Mississauga--Streetsville","Mississauga--Streetsville"," 123","Mississauga",N,N,"",0,500,"Hill","","Chris","Green Party","Parti Vert",N,N,19
35063,"Mississauga--Streetsville","Mississauga--Streetsville"," 123","Mississauga",N,N,"",0,500,"McIver","","Thomas","People's Party","Parti populaire",N,N,6
35063,"Mississauga--Streetsville","Mississauga--Streetsville"," 123","Mississauga",N,N,"",0,500,"Melek","","Ghada","Conservative","Conservateur",N,N,89
35063,"Mississauga--Streetsville","Mississauga--Streetsville"," 123","Mississauga",N,N,"",0,500,"Sikand","","Gagan","Liberal","Libéral",Y,Y,98
35063,"Mississauga--Streetsville","Mississauga--Streetsville"," 123","Mississauga",N,N,"",0,500,"Spizzirri","","Natalie","Animal Protection Party","Parti Protection Animaux",N,N,2
35063,"Mississauga--Streetsville","Mississauga--Streetsville"," 124","Mississauga",N,N,"",0,482,"Girguis","","Samir","NDP-New Democratic Party","NPD-Nouveau Parti démocratique",N,N,27
35063,"Mississauga--Streetsville","Mississauga--Streetsville"," 124","Mississauga",N,N,"",0,482,"Hill","","Chris","Green Party","Parti Vert",N,N,10
35063,"Mississauga--Streetsville","Mississauga--Streetsville"," 124","Mississauga",N,N,"",0,482,"McIver","","Thomas","People's Party","Parti populaire",N,N,4
35063,"Mississauga--Streetsville","Mississauga--Streetsville"," 124","Mississauga",N,N,"",0,482,"Melek","","Ghada","Conservative","Conservateur",N,N,94
35063,"Mississauga--Streetsville","Mississauga--Streetsville"," 124","Mississauga",N,N,"",0,482,"Sikand","","Gagan","Liberal","Libéral",Y,Y,120
35063,"Mississauga--Streetsville","Mississauga--Streetsville"," 124","Mississauga",N,N,"",0,482,"Spizzirri","","Natalie","Animal Protection Party","Parti Protection Animaux",N,N,2
35063,"Mississauga--Streetsville","Mississauga--Streetsville"," 125","Mississauga",N,N,"",1,541,"Girguis","","Samir","NDP-New Democratic Party","NPD-Nouveau Parti démocratique",N,N,23
35063,"Mississauga--Streetsville","Mississauga--Streetsville"," 125","Mississauga",N,N,"",1,541,"Hill","","Chris","Green Party","Parti Vert",N,N,10
35063,"Mississauga--Streetsville","Mississauga--Streetsville"," 125","Mississauga",N,N,"",1,541,"McIver","","Thomas","People's Party","Parti populaire",N,N,5
35063,"Mississauga--Streetsville","Mississauga--Streetsville"," 125","Mississauga",N,N,"",1,541,"Melek","","Ghada","Conservative","Conservateur",N,N,85
35063,"Mississauga--Streetsville","Mississauga--Streetsville"," 125","Mississauga",N,N,"",1,541,"Sikand","","Gagan","Liberal","Libéral",Y,Y,88
35063,"Mississauga--Streetsville","Mississauga--Streetsville"," 125","Mississauga",N,N,"",1,541,"Spizzirri","","Natalie","Animal Protection Party","Parti Protection Animaux",N,N,3
35063,"Mississauga--Streetsville","Mississauga--Streetsville"," 126","Mississauga",N,N,"",0,504,"Girguis","","Samir","NDP-New Democratic Party","NPD-Nouveau Parti démocratique",N,N,35
35063,"Mississauga--Streetsville","Mississauga--Streetsville"," 126","Mississauga",N,N,"",0,504,"Hill","","Chris","Green Party","Parti Vert",N,N,14
35063,"Mississauga--Streetsville","Mississauga--Streetsville"," 126","Mississauga",N,N,"",0,504,"McIver","","Thomas","People's Party","Parti populaire",N,N,7
35063,"Mississauga--Streetsville","Mississauga--Streetsville"," 126","Mississauga",N,N,"",0,504,"Melek","","Ghada","Conservative","Conservateur",N,N,96
35063,"Mississauga--Streetsville","Mississauga--Streetsville"," 126","Mississauga",N,N,"",0,504,"Sikand","","Gagan","Liberal","Libéral",Y,Y,118
35063,"Mississauga--Streetsville","Mississauga--Streetsville"," 126","Mississauga",N,N,"",0,504,"Spizzirri","","Natalie","Animal Protection Party","Parti Protection Animaux",N,N,2
35063,"Mississauga--Streetsville","Mississauga--Streetsville"," 127","Mississauga",N,N,"",0,372,"Girguis","","Samir","NDP-New Democratic Party","NPD-Nouveau Parti démocratique",N,N,19
35063,"Mississauga--Streetsville","Mississauga--Streetsville"," 127","Mississauga",N,N,"",0,372,"Hill","","Chris","Green Party","Parti Vert",N,N,11
35063,"Mississauga--Streetsville","Mississauga--Streetsville"," 127","Mississauga",N,N,"",0,372,"McIver","","Thomas","People's Party","Parti populaire",N,N,5
35063,"Mississauga--Streetsville","Mississauga--Streetsville"," 127","Mississauga",N,N,"",0,372,"Melek","","Ghada","Conservative","Conservateur",N,N,63
35063,"Mississauga--Streetsville","Mississauga--Streetsville"," 127","Mississauga",N,N,"",0,372,"Sikand","","Gagan","Liberal","Libéral",Y,Y,100
35063,"Mississauga--Streetsville","Mississauga--Streetsville"," 127","Mississauga",N,N,"",0,372,"Spizzirri","","Natalie","Animal Protection Party","Parti Protection Animaux",N,N,2
35063,"Mississauga--Streetsville","Mississauga--Streetsville"," 128","Mississauga",N,N,"",1,545,"Girguis","","Samir","NDP-New Democratic Party","NPD-Nouveau Parti démocratique",N,N,34
35063,"Mississauga--Streetsville","Mississauga--Streetsville"," 128","Mississauga",N,N,"",1,545,"Hill","","Chris","Green Party","Parti Vert",N,N,18
35063,"Mississauga--Streetsville","Mississauga--Streetsville"," 128","Mississauga",N,N,"",1,545,"McIver","","Thomas","People's Party","Parti populaire",N,N,2
35063,"Mississauga--Streetsville","Mississauga--Streetsville"," 128","Mississauga",N,N,"",1,545,"Melek","","Ghada","Conservative","Conservateur",N,N,65
35063,"Mississauga--Streetsville","Mississauga--Streetsville"," 128","Mississauga",N,N,"",1,545,"Sikand","","Gagan","Liberal","Libéral",Y,Y,110
35063,"Mississauga--Streetsville","Mississauga--Streetsville"," 128","Mississauga",N,N,"",1,545,"Spizzirri","","Natalie","Animal Protection Party","Parti Protection Animaux",N,N,3
35063,"Mississauga--Streetsville","Mississauga--Streetsville"," 129","Mississauga",N,N,"",0,360,"Girguis","","Samir","NDP-New Democratic Party","NPD-Nouveau Parti démocratique",N,N,23
35063,"Mississauga--Streetsville","Mississauga--Streetsville"," 129","Mississauga",N,N,"",0,360,"Hill","","Chris","Green Party","Parti Vert",N,N,9
35063,"Mississauga--Streetsville","Mississauga--Streetsville"," 129","Mississauga",N,N,"",0,360,"McIver","","Thomas","People's Party","Parti populaire",N,N,4
35063,"Mississauga--Streetsville","Mississauga--Streetsville"," 129","Mississauga",N,N,"",0,360,"Melek","","Ghada","Conservative","Conservateur",N,N,59
35063,"Mississauga--Streetsville","Mississauga--Streetsville"," 129","Mississauga",N,N,"",0,360,"Sikand","","Gagan","Liberal","Libéral",Y,Y,79
35063,"Mississauga--Streetsville","Mississauga--Streetsville"," 129","Mississauga",N,N,"",0,360,"Spizzirri","","Natalie","Animal Protection Party","Parti Protection Animaux",N,N,2
35063,"Mississauga--Streetsville","Mississauga--Streetsville"," 130","Mississauga",N,N,"",1,525,"Girguis","","Samir","NDP-New Democratic Party","NPD-Nouveau Parti démocratique",N,N,12
35063,"Mississauga--Streetsville","Mississauga--Streetsville"," 130","Mississauga",N,N,"",1,525,"Hill","","Chris","Green Party","Parti Vert",N,N,6
35063,"Mississauga--Streetsville","Mississauga--Streetsville"," 130","Mississauga",N,N,"",1,525,"McIver","","Thomas","People's Party","Parti populaire",N,N,2
35063,"Mississauga--Streetsville","Mississauga--Streetsville"," 130","Mississauga",N,N,"",1,525,"Melek","","Ghada","Conservative","Conservateur",N,N,79
35063,"Mississauga--Streetsville","Mississauga--Streetsville"," 130","Mississauga",N,N,"",1,525,"Sikand","","Gagan","Liberal","Libéral",Y,Y,83
35063,"Mississauga--Streetsville","Mississauga--Streetsville"," 130","Mississauga",N,N,"",1,525,"Spizzirri","","Natalie","Animal Protection Party","Parti Protection Animaux",N,N,1
35063,"Mississauga--Streetsville","Mississauga--Streetsville"," 131","Mississauga",N,N,"",2,455,"Girguis","","Samir","NDP-New Democratic Party","NPD-Nouveau Parti démocratique",N,N,10
35063,"Mississauga--Streetsville","Mississauga--Streetsville"," 131","Mississauga",N,N,"",2,455,"Hill","","Chris","Green Party","Parti Vert",N,N,5
35063,"Mississauga--Streetsville","Mississauga--Streetsville"," 131","Mississauga",N,N,"",2,455,"McIver","","Thomas","People's Party","Parti populaire",N,N,2
35063,"Mississauga--Streetsville","Mississauga--Streetsville"," 131","Mississauga",N,N,"",2,455,"Melek","","Ghada","Conservative","Conservateur",N,N,72
35063,"Mississauga--Streetsville","Mississauga--Streetsville"," 131","Mississauga",N,N,"",2,455,"Sikand","","Gagan","Liberal","Libéral",Y,Y,77
35063,"Mississauga--Streetsville","Mississauga--Streetsville"," 131","Mississauga",N,N,"",2,455,"Spizzirri","","Natalie","Animal Protection Party","Parti Protection Animaux",N,N,1
35063,"Mississauga--Streetsville","Mississauga--Streetsville"," 132","Mississauga",N,N,"",2,458,"Girguis","","Samir","NDP-New Democratic Party","NPD-Nouveau Parti démocratique",N,N,13
35063,"Mississauga--Streetsville","Mississauga--Streetsville"," 132","Mississauga",N,N,"",2,458,"Hill","","Chris","Green Party","Parti Vert",N,N,3
35063,"Mississauga--Streetsville","Mississauga--Streetsville"," 132","Mississauga",N,N,"",2,458,"McIver","","Thomas","People's Party","Parti populaire",N,N,1
35063,"Mississauga--Streetsville","Mississauga--Streetsville"," 132","Mississauga",N,N,"",2,458,"Melek","","Ghada","Conservative","Conservateur",N,N,64
35063,"Mississauga--Streetsville","Mississauga--Streetsville"," 132","Mississauga",N,N,"",2,458,"Sikand","","Gagan","Liberal","Libéral",Y,Y,98
35063,"Mississauga--Streetsville","Mississauga--Streetsville"," 132","Mississauga",N,N,"",2,458,"Spizzirri","","Natalie","Animal Protection Party","Parti Protection Animaux",N,N,0
35063,"Mississauga--Streetsville","Mississauga--Streetsville"," 133","Mississauga",N,N,"",0,452,"Girguis","","Samir","NDP-New Democratic Party","NPD-Nouveau Parti démocratique",N,N,10
35063,"Mississauga--Streetsville","Mississauga--Streetsville"," 133","Mississauga",N,N,"",0,452,"Hill","","Chris","Green Party","Parti Vert",N,N,1
35063,"Mississauga--Streetsville","Mississauga--Streetsville"," 133","Mississauga",N,N,"",0,452,"McIver","","Thomas","People's Party","Parti populaire",N,N,0
35063,"Mississauga--Streetsville","Mississauga--Streetsville"," 133","Mississauga",N,N,"",0,452,"Melek","","Ghada","Conservative","Conservateur",N,N,65
35063,"Mississauga--Streetsville","Mississauga--Streetsville"," 133","Mississauga",N,N,"",0,452,"Sikand","","Gagan","Liberal","Libéral",Y,Y,118
35063,"Mississauga--Streetsville","Mississauga--Streetsville"," 133","Mississauga",N,N,"",0,452,"Spizzirri","","Natalie","Animal Protection Party","Parti Protection Animaux",N,N,0
35063,"Mississauga--Streetsville","Mississauga--Streetsville"," 134","Mississauga",N,N,"",1,370,"Girguis","","Samir","NDP-New Democratic Party","NPD-Nouveau Parti démocratique",N,N,8
35063,"Mississauga--Streetsville","Mississauga--Streetsville"," 134","Mississauga",N,N,"",1,370,"Hill","","Chris","Green Party","Parti Vert",N,N,5
35063,"Mississauga--Streetsville","Mississauga--Streetsville"," 134","Mississauga",N,N,"",1,370,"McIver","","Thomas","People's Party","Parti populaire",N,N,1
35063,"Mississauga--Streetsville","Mississauga--Streetsville"," 134","Mississauga",N,N,"",1,370,"Melek","","Ghada","Conservative","Conservateur",N,N,54
35063,"Mississauga--Streetsville","Mississauga--Streetsville"," 134","Mississauga",N,N,"",1,370,"Sikand","","Gagan","Liberal","Libéral",Y,Y,42
35063,"Mississauga--Streetsville","Mississauga--Streetsville"," 134","Mississauga",N,N,"",1,370,"Spizzirri","","Natalie","Animal Protection Party","Parti Protection Animaux",N,N,0
35063,"Mississauga--Streetsville","Mississauga--Streetsville"," 135","Mississauga",N,N,"",3,463,"Girguis","","Samir","NDP-New Democratic Party","NPD-Nouveau Parti démocratique",N,N,15
35063,"Mississauga--Streetsville","Mississauga--Streetsville"," 135","Mississauga",N,N,"",3,463,"Hill","","Chris","Green Party","Parti Vert",N,N,5
35063,"Mississauga--Streetsville","Mississauga--Streetsville"," 135","Mississauga",N,N,"",3,463,"McIver","","Thomas","People's Party","Parti populaire",N,N,3
35063,"Mississauga--Streetsville","Mississauga--Streetsville"," 135","Mississauga",N,N,"",3,463,"Melek","","Ghada","Conservative","Conservateur",N,N,72
35063,"Mississauga--Streetsville","Mississauga--Streetsville"," 135","Mississauga",N,N,"",3,463,"Sikand","","Gagan","Liberal","Libéral",Y,Y,72
35063,"Mississauga--Streetsville","Mississauga--Streetsville"," 135","Mississauga",N,N,"",3,463,"Spizzirri","","Natalie","Animal Protection Party","Parti Protection Animaux",N,N,0
35063,"Mississauga--Streetsville","Mississauga--Streetsville"," 136","Mississauga",N,N,"",0,321,"Girguis","","Samir","NDP-New Democratic Party","NPD-Nouveau Parti démocratique",N,N,20
35063,"Mississauga--Streetsville","Mississauga--Streetsville"," 136","Mississauga",N,N,"",0,321,"Hill","","Chris","Green Party","Parti Vert",N,N,2
35063,"Mississauga--Streetsville","Mississauga--Streetsville"," 136","Mississauga",N,N,"",0,321,"McIver","","Thomas","People's Party","Parti populaire",N,N,0
35063,"Mississauga--Streetsville","Mississauga--Streetsville"," 136","Mississauga",N,N,"",0,321,"Melek","","Ghada","Conservative","Conservateur",N,N,52
35063,"Mississauga--Streetsville","Mississauga--Streetsville"," 136","Mississauga",N,N,"",0,321,"Sikand","","Gagan","Liberal","Libéral",Y,Y,90
35063,"Mississauga--Streetsville","Mississauga--Streetsville"," 136","Mississauga",N,N,"",0,321,"Spizzirri","","Natalie","Animal Protection Party","Parti Protection Animaux",N,N,0
35063,"Mississauga--Streetsville","Mississauga--Streetsville"," 137","Mississauga",N,N,"",1,447,"Girguis","","Samir","NDP-New Democratic Party","NPD-Nouveau Parti démocratique",N,N,13
35063,"Mississauga--Streetsville","Mississauga--Streetsville"," 137","Mississauga",N,N,"",1,447,"Hill","","Chris","Green Party","Parti Vert",N,N,7
35063,"Mississauga--Streetsville","Mississauga--Streetsville"," 137","Mississauga",N,N,"",1,447,"McIver","","Thomas","People's Party","Parti populaire",N,N,3
35063,"Mississauga--Streetsville","Mississauga--Streetsville"," 137","Mississauga",N,N,"",1,447,"Melek","","Ghada","Conservative","Conservateur",N,N,76
35063,"Mississauga--Streetsville","Mississauga--Streetsville"," 137","Mississauga",N,N,"",1,447,"Sikand","","Gagan","Liberal","Libéral",Y,Y,127
35063,"Mississauga--Streetsville","Mississauga--Streetsville"," 137","Mississauga",N,N,"",1,447,"Spizzirri","","Natalie","Animal Protection Party","Parti Protection Animaux",N,N,0
35063,"Mississauga--Streetsville","Mississauga--Streetsville"," 138","Mississauga",N,N,"",2,429,"Girguis","","Samir","NDP-New Democratic Party","NPD-Nouveau Parti démocratique",N,N,17
35063,"Mississauga--Streetsville","Mississauga--Streetsville"," 138","Mississauga",N,N,"",2,429,"Hill","","Chris","Green Party","Parti Vert",N,N,9
35063,"Mississauga--Streetsville","Mississauga--Streetsville"," 138","Mississauga",N,N,"",2,429,"McIver","","Thomas","People's Party","Parti populaire",N,N,2
35063,"Mississauga--Streetsville","Mississauga--Streetsville"," 138","Mississauga",N,N,"",2,429,"Melek","","Ghada","Conservative","Conservateur",N,N,67
35063,"Mississauga--Streetsville","Mississauga--Streetsville"," 138","Mississauga",N,N,"",2,429,"Sikand","","Gagan","Liberal","Libéral",Y,Y,136
35063,"Mississauga--Streetsville","Mississauga--Streetsville"," 138","Mississauga",N,N,"",2,429,"Spizzirri","","Natalie","Animal Protection Party","Parti Protection Animaux",N,N,0
35063,"Mississauga--Streetsville","Mississauga--Streetsville"," 139","Mississauga",N,N,"",1,525,"Girguis","","Samir","NDP-New Democratic Party","NPD-Nouveau Parti démocratique",N,N,28
35063,"Mississauga--Streetsville","Mississauga--Streetsville"," 139","Mississauga",N,N,"",1,525,"Hill","","Chris","Green Party","Parti Vert",N,N,14
35063,"Mississauga--Streetsville","Mississauga--Streetsville"," 139","Mississauga",N,N,"",1,525,"McIver","","Thomas","People's Party","Parti populaire",N,N,1
35063,"Mississauga--Streetsville","Mississauga--Streetsville"," 139","Mississauga",N,N,"",1,525,"Melek","","Ghada","Conservative","Conservateur",N,N,55
35063,"Mississauga--Streetsville","Mississauga--Streetsville"," 139","Mississauga",N,N,"",1,525,"Sikand","","Gagan","Liberal","Libéral",Y,Y,132
35063,"Mississauga--Streetsville","Mississauga--Streetsville"," 139","Mississauga",N,N,"",1,525,"Spizzirri","","Natalie","Animal Protection Party","Parti Protection Animaux",N,N,1
35063,"Mississauga--Streetsville","Mississauga--Streetsville"," 140","Mississauga",N,N,"",3,504,"Girguis","","Samir","NDP-New Democratic Party","NPD-Nouveau Parti démocratique",N,N,20
35063,"Mississauga--Streetsville","Mississauga--Streetsville"," 140","Mississauga",N,N,"",3,504,"Hill","","Chris","Green Party","Parti Vert",N,N,6
35063,"Mississauga--Streetsville","Mississauga--Streetsville"," 140","Mississauga",N,N,"",3,504,"McIver","","Thomas","People's Party","Parti populaire",N,N,0
35063,"Mississauga--Streetsville","Mississauga--Streetsville"," 140","Mississauga",N,N,"",3,504,"Melek","","Ghada","Conservative","Conservateur",N,N,87
35063,"Mississauga--Streetsville","Mississauga--Streetsville"," 140","Mississauga",N,N,"",3,504,"Sikand","","Gagan","Liberal","Libéral",Y,Y,123
35063,"Mississauga--Streetsville","Mississauga--Streetsville"," 140","Mississauga",N,N,"",3,504,"Spizzirri","","Natalie","Animal Protection Party","Parti Protection Animaux",N,N,2
35063,"Mississauga--Streetsville","Mississauga--Streetsville"," 141","Mississauga",N,N,"",0,549,"Girguis","","Samir","NDP-New Democratic Party","NPD-Nouveau Parti démocratique",N,N,28
35063,"Mississauga--Streetsville","Mississauga--Streetsville"," 141","Mississauga",N,N,"",0,549,"Hill","","Chris","Green Party","Parti Vert",N,N,13
35063,"Mississauga--Streetsville","Mississauga--Streetsville"," 141","Mississauga",N,N,"",0,549,"McIver","","Thomas","People's Party","Parti populaire",N,N,1
35063,"Mississauga--Streetsville","Mississauga--Streetsville"," 141","Mississauga",N,N,"",0,549,"Melek","","Ghada","Conservative","Conservateur",N,N,52
35063,"Mississauga--Streetsville","Mississauga--Streetsville"," 141","Mississauga",N,N,"",0,549,"Sikand","","Gagan","Liberal","Libéral",Y,Y,130
35063,"Mississauga--Streetsville","Mississauga--Streetsville"," 141","Mississauga",N,N,"",0,549,"Spizzirri","","Natalie","Animal Protection Party","Parti Protection Animaux",N,N,1
35063,"Mississauga--Streetsville","Mississauga--Streetsville"," 142","Mississauga",N,N,"",2,539,"Girguis","","Samir","NDP-New Democratic Party","NPD-Nouveau Parti démocratique",N,N,20
35063,"Mississauga--Streetsville","Mississauga--Streetsville"," 142","Mississauga",N,N,"",2,539,"Hill","","Chris","Green Party","Parti Vert",N,N,10
35063,"Mississauga--Streetsville","Mississauga--Streetsville"," 142","Mississauga",N,N,"",2,539,"McIver","","Thomas","People's Party","Parti populaire",N,N,6
35063,"Mississauga--Streetsville","Mississauga--Streetsville"," 142","Mississauga",N,N,"",2,539,"Melek","","Ghada","Conservative","Conservateur",N,N,52
35063,"Mississauga--Streetsville","Mississauga--Streetsville"," 142","Mississauga",N,N,"",2,539,"Sikand","","Gagan","Liberal","Libéral",Y,Y,138
35063,"Mississauga--Streetsville","Mississauga--Streetsville"," 142","Mississauga",N,N,"",2,539,"Spizzirri","","Natalie","Animal Protection Party","Parti Protection Animaux",N,N,1
35063,"Mississauga--Streetsville","Mississauga--Streetsville"," 143","Mississauga",N,N,"",5,597,"Girguis","","Samir","NDP-New Democratic Party","NPD-Nouveau Parti démocratique",N,N,29
35063,"Mississauga--Streetsville","Mississauga--Streetsville"," 143","Mississauga",N,N,"",5,597,"Hill","","Chris","Green Party","Parti Vert",N,N,8
35063,"Mississauga--Streetsville","Mississauga--Streetsville"," 143","Mississauga",N,N,"",5,597,"McIver","","Thomas","People's Party","Parti populaire",N,N,4
35063,"Mississauga--Streetsville","Mississauga--Streetsville"," 143","Mississauga",N,N,"",5,597,"Melek","","Ghada","Conservative","Conservateur",N,N,89
35063,"Mississauga--Streetsville","Mississauga--Streetsville"," 143","Mississauga",N,N,"",5,597,"Sikand","","Gagan","Liberal","Libéral",Y,Y,114
35063,"Mississauga--Streetsville","Mississauga--Streetsville"," 143","Mississauga",N,N,"",5,597,"Spizzirri","","Natalie","Animal Protection Party","Parti Protection Animaux",N,N,0
35063,"Mississauga--Streetsville","Mississauga--Streetsville"," 144","Mississauga",N,N,"",2,417,"Girguis","","Samir","NDP-New Democratic Party","NPD-Nouveau Parti démocratique",N,N,34
35063,"Mississauga--Streetsville","Mississauga--Streetsville"," 144","Mississauga",N,N,"",2,417,"Hill","","Chris","Green Party","Parti Vert",N,N,10
35063,"Mississauga--Streetsville","Mississauga--Streetsville"," 144","Mississauga",N,N,"",2,417,"McIver","","Thomas","People's Party","Parti populaire",N,N,5
35063,"Mississauga--Streetsville","Mississauga--Streetsville"," 144","Mississauga",N,N,"",2,417,"Melek","","Ghada","Conservative","Conservateur",N,N,76
35063,"Mississauga--Streetsville","Mississauga--Streetsville"," 144","Mississauga",N,N,"",2,417,"Sikand","","Gagan","Liberal","Libéral",Y,Y,107
35063,"Mississauga--Streetsville","Mississauga--Streetsville"," 144","Mississauga",N,N,"",2,417,"Spizzirri","","Natalie","Animal Protection Party","Parti Protection Animaux",N,N,1
35063,"Mississauga--Streetsville","Mississauga--Streetsville"," 145","Mississauga",N,N,"",4,403,"Girguis","","Samir","NDP-New Democratic Party","NPD-Nouveau Parti démocratique",N,N,20
35063,"Mississauga--Streetsville","Mississauga--Streetsville"," 145","Mississauga",N,N,"",4,403,"Hill","","Chris","Green Party","Parti Vert",N,N,12
35063,"Mississauga--Streetsville","Mississauga--Streetsville"," 145","Mississauga",N,N,"",4,403,"McIver","","Thomas","People's Party","Parti populaire",N,N,4
35063,"Mississauga--Streetsville","Mississauga--Streetsville"," 145","Mississauga",N,N,"",4,403,"Melek","","Ghada","Conservative","Conservateur",N,N,70
35063,"Mississauga--Streetsville","Mississauga--Streetsville"," 145","Mississauga",N,N,"",4,403,"Sikand","","Gagan","Liberal","Libéral",Y,Y,98
35063,"Mississauga--Streetsville","Mississauga--Streetsville"," 145","Mississauga",N,N,"",4,403,"Spizzirri","","Natalie","Animal Protection Party","Parti Protection Animaux",N,N,0
35063,"Mississauga--Streetsville","Mississauga--Streetsville"," 146","Mississauga",N,N,"",1,398,"Girguis","","Samir","NDP-New Democratic Party","NPD-Nouveau Parti démocratique",N,N,23
35063,"Mississauga--Streetsville","Mississauga--Streetsville"," 146","Mississauga",N,N,"",1,398,"Hill","","Chris","Green Party","Parti Vert",N,N,12
35063,"Mississauga--Streetsville","Mississauga--Streetsville"," 146","Mississauga",N,N,"",1,398,"McIver","","Thomas","People's Party","Parti populaire",N,N,5
35063,"Mississauga--Streetsville","Mississauga--Streetsville"," 146","Mississauga",N,N,"",1,398,"Melek","","Ghada","Conservative","Conservateur",N,N,72
35063,"Mississauga--Streetsville","Mississauga--Streetsville"," 146","Mississauga",N,N,"",1,398,"Sikand","","Gagan","Liberal","Libéral",Y,Y,88
35063,"Mississauga--Streetsville","Mississauga--Streetsville"," 146","Mississauga",N,N,"",1,398,"Spizzirri","","Natalie","Animal Protection Party","Parti Protection Animaux",N,N,3
35063,"Mississauga--Streetsville","Mississauga--Streetsville"," 147","Mississauga",N,N,"",1,496,"Girguis","","Samir","NDP-New Democratic Party","NPD-Nouveau Parti démocratique",N,N,26
35063,"Mississauga--Streetsville","Mississauga--Streetsville"," 147","Mississauga",N,N,"",1,496,"Hill","","Chris","Green Party","Parti Vert",N,N,18
35063,"Mississauga--Streetsville","Mississauga--Streetsville"," 147","Mississauga",N,N,"",1,496,"McIver","","Thomas","People's Party","Parti populaire",N,N,4
35063,"Mississauga--Streetsville","Mississauga--Streetsville"," 147","Mississauga",N,N,"",1,496,"Melek","","Ghada","Conservative","Conservateur",N,N,90
35063,"Mississauga--Streetsville","Mississauga--Streetsville"," 147","Mississauga",N,N,"",1,496,"Sikand","","Gagan","Liberal","Libéral",Y,Y,170
35063,"Mississauga--Streetsville","Mississauga--Streetsville"," 147","Mississauga",N,N,"",1,496,"Spizzirri","","Natalie","Animal Protection Party","Parti Protection Animaux",N,N,2
35063,"Mississauga--Streetsville","Mississauga--Streetsville"," 148","Mississauga",N,N,"",1,498,"Girguis","","Samir","NDP-New Democratic Party","NPD-Nouveau Parti démocratique",N,N,33
35063,"Mississauga--Streetsville","Mississauga--Streetsville"," 148","Mississauga",N,N,"",1,498,"Hill","","Chris","Green Party","Parti Vert",N,N,7
35063,"Mississauga--Streetsville","Mississauga--Streetsville"," 148","Mississauga",N,N,"",1,498,"McIver","","Thomas","People's Party","Parti populaire",N,N,3
35063,"Mississauga--Streetsville","Mississauga--Streetsville"," 148","Mississauga",N,N,"",1,498,"Melek","","Ghada","Conservative","Conservateur",N,N,90
35063,"Mississauga--Streetsville","Mississauga--Streetsville"," 148","Mississauga",N,N,"",1,498,"Sikand","","Gagan","Liberal","Libéral",Y,Y,133
35063,"Mississauga--Streetsville","Mississauga--Streetsville"," 148","Mississauga",N,N,"",1,498,"Spizzirri","","Natalie","Animal Protection Party","Parti Protection Animaux",N,N,3
35063,"Mississauga--Streetsville","Mississauga--Streetsville"," 149","Mississauga",N,N,"",1,405,"Girguis","","Samir","NDP-New Democratic Party","NPD-Nouveau Parti démocratique",N,N,23
35063,"Mississauga--Streetsville","Mississauga--Streetsville"," 149","Mississauga",N,N,"",1,405,"Hill","","Chris","Green Party","Parti Vert",N,N,5
35063,"Mississauga--Streetsville","Mississauga--Streetsville"," 149","Mississauga",N,N,"",1,405,"McIver","","Thomas","People's Party","Parti populaire",N,N,2
35063,"Mississauga--Streetsville","Mississauga--Streetsville"," 149","Mississauga",N,N,"",1,405,"Melek","","Ghada","Conservative","Conservateur",N,N,83
35063,"Mississauga--Streetsville","Mississauga--Streetsville"," 149","Mississauga",N,N,"",1,405,"Sikand","","Gagan","Liberal","Libéral",Y,Y,107
35063,"Mississauga--Streetsville","Mississauga--Streetsville"," 149","Mississauga",N,N,"",1,405,"Spizzirri","","Natalie","Animal Protection Party","Parti Protection Animaux",N,N,0
35063,"Mississauga--Streetsville","Mississauga--Streetsville"," 150","Mississauga",N,N,"",0,554,"Girguis","","Samir","NDP-New Democratic Party","NPD-Nouveau Parti démocratique",N,N,19
35063,"Mississauga--Streetsville","Mississauga--Streetsville"," 150","Mississauga",N,N,"",0,554,"Hill","","Chris","Green Party","Parti Vert",N,N,12
35063,"Mississauga--Streetsville","Mississauga--Streetsville"," 150","Mississauga",N,N,"",0,554,"McIver","","Thomas","People's Party","Parti populaire",N,N,6
35063,"Mississauga--Streetsville","Mississauga--Streetsville"," 150","Mississauga",N,N,"",0,554,"Melek","","Ghada","Conservative","Conservateur",N,N,94
35063,"Mississauga--Streetsville","Mississauga--Streetsville"," 150","Mississauga",N,N,"",0,554,"Sikand","","Gagan","Liberal","Libéral",Y,Y,130
35063,"Mississauga--Streetsville","Mississauga--Streetsville"," 150","Mississauga",N,N,"",0,554,"Spizzirri","","Natalie","Animal Protection Party","Parti Protection Animaux",N,N,2
35063,"Mississauga--Streetsville","Mississauga--Streetsville"," 151","Mississauga",N,N,"",2,485,"Girguis","","Samir","NDP-New Democratic Party","NPD-Nouveau Parti démocratique",N,N,24
35063,"Mississauga--Streetsville","Mississauga--Streetsville"," 151","Mississauga",N,N,"",2,485,"Hill","","Chris","Green Party","Parti Vert",N,N,16
35063,"Mississauga--Streetsville","Mississauga--Streetsville"," 151","Mississauga",N,N,"",2,485,"McIver","","Thomas","People's Party","Parti populaire",N,N,3
35063,"Mississauga--Streetsville","Mississauga--Streetsville"," 151","Mississauga",N,N,"",2,485,"Melek","","Ghada","Conservative","Conservateur",N,N,106
35063,"Mississauga--Streetsville","Mississauga--Streetsville"," 151","Mississauga",N,N,"",2,485,"Sikand","","Gagan","Liberal","Libéral",Y,Y,94
35063,"Mississauga--Streetsville","Mississauga--Streetsville"," 151","Mississauga",N,N,"",2,485,"Spizzirri","","Natalie","Animal Protection Party","Parti Protection Animaux",N,N,1
35063,"Mississauga--Streetsville","Mississauga--Streetsville"," 152","Mississauga",N,N,"",1,456,"Girguis","","Samir","NDP-New Democratic Party","NPD-Nouveau Parti démocratique",N,N,20
35063,"Mississauga--Streetsville","Mississauga--Streetsville"," 152","Mississauga",N,N,"",1,456,"Hill","","Chris","Green Party","Parti Vert",N,N,15
35063,"Mississauga--Streetsville","Mississauga--Streetsville"," 152","Mississauga",N,N,"",1,456,"McIver","","Thomas","People's Party","Parti populaire",N,N,4
35063,"Mississauga--Streetsville","Mississauga--Streetsville"," 152","Mississauga",N,N,"",1,456,"Melek","","Ghada","Conservative","Conservateur",N,N,104
35063,"Mississauga--Streetsville","Mississauga--Streetsville"," 152","Mississauga",N,N,"",1,456,"Sikand","","Gagan","Liberal","Libéral",Y,Y,99
35063,"Mississauga--Streetsville","Mississauga--Streetsville"," 152","Mississauga",N,N,"",1,456,"Spizzirri","","Natalie","Animal Protection Party","Parti Protection Animaux",N,N,1
35063,"Mississauga--Streetsville","Mississauga--Streetsville"," 153","Mississauga",N,N,"",1,385,"Girguis","","Samir","NDP-New Democratic Party","NPD-Nouveau Parti démocratique",N,N,18
35063,"Mississauga--Streetsville","Mississauga--Streetsville"," 153","Mississauga",N,N,"",1,385,"Hill","","Chris","Green Party","Parti Vert",N,N,13
35063,"Mississauga--Streetsville","Mississauga--Streetsville"," 153","Mississauga",N,N,"",1,385,"McIver","","Thomas","People's Party","Parti populaire",N,N,1
35063,"Mississauga--Streetsville","Mississauga--Streetsville"," 153","Mississauga",N,N,"",1,385,"Melek","","Ghada","Conservative","Conservateur",N,N,49
35063,"Mississauga--Streetsville","Mississauga--Streetsville"," 153","Mississauga",N,N,"",1,385,"Sikand","","Gagan","Liberal","Libéral",Y,Y,90
35063,"Mississauga--Streetsville","Mississauga--Streetsville"," 153","Mississauga",N,N,"",1,385,"Spizzirri","","Natalie","Animal Protection Party","Parti Protection Animaux",N,N,1
35063,"Mississauga--Streetsville","Mississauga--Streetsville"," 154","Mississauga",N,N,"",2,304,"Girguis","","Samir","NDP-New Democratic Party","NPD-Nouveau Parti démocratique",N,N,15
35063,"Mississauga--Streetsville","Mississauga--Streetsville"," 154","Mississauga",N,N,"",2,304,"Hill","","Chris","Green Party","Parti Vert",N,N,9
35063,"Mississauga--Streetsville","Mississauga--Streetsville"," 154","Mississauga",N,N,"",2,304,"McIver","","Thomas","People's Party","Parti populaire",N,N,1
35063,"Mississauga--Streetsville","Mississauga--Streetsville"," 154","Mississauga",N,N,"",2,304,"Melek","","Ghada","Conservative","Conservateur",N,N,30
35063,"Mississauga--Streetsville","Mississauga--Streetsville"," 154","Mississauga",N,N,"",2,304,"Sikand","","Gagan","Liberal","Libéral",Y,Y,84
35063,"Mississauga--Streetsville","Mississauga--Streetsville"," 154","Mississauga",N,N,"",2,304,"Spizzirri","","Natalie","Animal Protection Party","Parti Protection Animaux",N,N,2
35063,"Mississauga--Streetsville","Mississauga--Streetsville"," 155","Mississauga",N,N,"",3,369,"Girguis","","Samir","NDP-New Democratic Party","NPD-Nouveau Parti démocratique",N,N,25
35063,"Mississauga--Streetsville","Mississauga--Streetsville"," 155","Mississauga",N,N,"",3,369,"Hill","","Chris","Green Party","Parti Vert",N,N,5
35063,"Mississauga--Streetsville","Mississauga--Streetsville"," 155","Mississauga",N,N,"",3,369,"McIver","","Thomas","People's Party","Parti populaire",N,N,1
35063,"Mississauga--Streetsville","Mississauga--Streetsville"," 155","Mississauga",N,N,"",3,369,"Melek","","Ghada","Conservative","Conservateur",N,N,57
35063,"Mississauga--Streetsville","Mississauga--Streetsville"," 155","Mississauga",N,N,"",3,369,"Sikand","","Gagan","Liberal","Libéral",Y,Y,90
35063,"Mississauga--Streetsville","Mississauga--Streetsville"," 155","Mississauga",N,N,"",3,369,"Spizzirri","","Natalie","Animal Protection Party","Parti Protection Animaux",N,N,0
35063,"Mississauga--Streetsville","Mississauga--Streetsville"," 156","Mississauga",N,N,"",5,438,"Girguis","","Samir","NDP-New Democratic Party","NPD-Nouveau Parti démocratique",N,N,19
35063,"Mississauga--Streetsville","Mississauga--Streetsville"," 156","Mississauga",N,N,"",5,438,"Hill","","Chris","Green Party","Parti Vert",N,N,7
35063,"Mississauga--Streetsville","Mississauga--Streetsville"," 156","Mississauga",N,N,"",5,438,"McIver","","Thomas","People's Party","Parti populaire",N,N,0
35063,"Mississauga--Streetsville","Mississauga--Streetsville"," 156","Mississauga",N,N,"",5,438,"Melek","","Ghada","Conservative","Conservateur",N,N,55
35063,"Mississauga--Streetsville","Mississauga--Streetsville"," 156","Mississauga",N,N,"",5,438,"Sikand","","Gagan","Liberal","Libéral",Y,Y,104
35063,"Mississauga--Streetsville","Mississauga--Streetsville"," 156","Mississauga",N,N,"",5,438,"Spizzirri","","Natalie","Animal Protection Party","Parti Protection Animaux",N,N,2
35063,"Mississauga--Streetsville","Mississauga--Streetsville"," 157","Mississauga",N,N,"",0,357,"Girguis","","Samir","NDP-New Democratic Party","NPD-Nouveau Parti démocratique",N,N,15
35063,"Mississauga--Streetsville","Mississauga--Streetsville"," 157","Mississauga",N,N,"",0,357,"Hill","","Chris","Green Party","Parti Vert",N,N,13
35063,"Mississauga--Streetsville","Mississauga--Streetsville"," 157","Mississauga",N,N,"",0,357,"McIver","","Thomas","People's Party","Parti populaire",N,N,2
35063,"Mississauga--Streetsville","Mississauga--Streetsville"," 157","Mississauga",N,N,"",0,357,"Melek","","Ghada","Conservative","Conservateur",N,N,56
35063,"Mississauga--Streetsville","Mississauga--Streetsville"," 157","Mississauga",N,N,"",0,357,"Sikand","","Gagan","Liberal","Libéral",Y,Y,83
35063,"Mississauga--Streetsville","Mississauga--Streetsville"," 157","Mississauga",N,N,"",0,357,"Spizzirri","","Natalie","Animal Protection Party","Parti Protection Animaux",N,N,1
35063,"Mississauga--Streetsville","Mississauga--Streetsville"," 158","Mississauga",N,N,"",2,443,"Girguis","","Samir","NDP-New Democratic Party","NPD-Nouveau Parti démocratique",N,N,10
35063,"Mississauga--Streetsville","Mississauga--Streetsville"," 158","Mississauga",N,N,"",2,443,"Hill","","Chris","Green Party","Parti Vert",N,N,10
35063,"Mississauga--Streetsville","Mississauga--Streetsville"," 158","Mississauga",N,N,"",2,443,"McIver","","Thomas","People's Party","Parti populaire",N,N,2
35063,"Mississauga--Streetsville","Mississauga--Streetsville"," 158","Mississauga",N,N,"",2,443,"Melek","","Ghada","Conservative","Conservateur",N,N,92
35063,"Mississauga--Streetsville","Mississauga--Streetsville"," 158","Mississauga",N,N,"",2,443,"Sikand","","Gagan","Liberal","Libéral",Y,Y,94
35063,"Mississauga--Streetsville","Mississauga--Streetsville"," 158","Mississauga",N,N,"",2,443,"Spizzirri","","Natalie","Animal Protection Party","Parti Protection Animaux",N,N,0
35063,"Mississauga--Streetsville","Mississauga--Streetsville"," 159","Mississauga",N,N,"",0,330,"Girguis","","Samir","NDP-New Democratic Party","NPD-Nouveau Parti démocratique",N,N,11
35063,"Mississauga--Streetsville","Mississauga--Streetsville"," 159","Mississauga",N,N,"",0,330,"Hill","","Chris","Green Party","Parti Vert",N,N,3
35063,"Mississauga--Streetsville","Mississauga--Streetsville"," 159","Mississauga",N,N,"",0,330,"McIver","","Thomas","People's Party","Parti populaire",N,N,0
35063,"Mississauga--Streetsville","Mississauga--Streetsville"," 159","Mississauga",N,N,"",0,330,"Melek","","Ghada","Conservative","Conservateur",N,N,31
35063,"Mississauga--Streetsville","Mississauga--Streetsville"," 159","Mississauga",N,N,"",0,330,"Sikand","","Gagan","Liberal","Libéral",Y,Y,67
35063,"Mississauga--Streetsville","Mississauga--Streetsville"," 159","Mississauga",N,N,"",0,330,"Spizzirri","","Natalie","Animal Protection Party","Parti Protection Animaux",N,N,1
35063,"Mississauga--Streetsville","Mississauga--Streetsville"," 160","Mississauga",N,N,"",1,382,"Girguis","","Samir","NDP-New Democratic Party","NPD-Nouveau Parti démocratique",N,N,30
35063,"Mississauga--Streetsville","Mississauga--Streetsville"," 160","Mississauga",N,N,"",1,382,"Hill","","Chris","Green Party","Parti Vert",N,N,11
35063,"Mississauga--Streetsville","Mississauga--Streetsville"," 160","Mississauga",N,N,"",1,382,"McIver","","Thomas","People's Party","Parti populaire",N,N,0
35063,"Mississauga--Streetsville","Mississauga--Streetsville"," 160","Mississauga",N,N,"",1,382,"Melek","","Ghada","Conservative","Conservateur",N,N,58
35063,"Mississauga--Streetsville","Mississauga--Streetsville"," 160","Mississauga",N,N,"",1,382,"Sikand","","Gagan","Liberal","Libéral",Y,Y,77
35063,"Mississauga--Streetsville","Mississauga--Streetsville"," 160","Mississauga",N,N,"",1,382,"Spizzirri","","Natalie","Animal Protection Party","Parti Protection Animaux",N,N,2
35063,"Mississauga--Streetsville","Mississauga--Streetsville"," 161","Mississauga",N,N,"",7,542,"Girguis","","Samir","NDP-New Democratic Party","NPD-Nouveau Parti démocratique",N,N,21
35063,"Mississauga--Streetsville","Mississauga--Streetsville"," 161","Mississauga",N,N,"",7,542,"Hill","","Chris","Green Party","Parti Vert",N,N,9
35063,"Mississauga--Streetsville","Mississauga--Streetsville"," 161","Mississauga",N,N,"",7,542,"McIver","","Thomas","People's Party","Parti populaire",N,N,4
35063,"Mississauga--Streetsville","Mississauga--Streetsville"," 161","Mississauga",N,N,"",7,542,"Melek","","Ghada","Conservative","Conservateur",N,N,81
35063,"Mississauga--Streetsville","Mississauga--Streetsville"," 161","Mississauga",N,N,"",7,542,"Sikand","","Gagan","Liberal","Libéral",Y,Y,124
35063,"Mississauga--Streetsville","Mississauga--Streetsville"," 161","Mississauga",N,N,"",7,542,"Spizzirri","","Natalie","Animal Protection Party","Parti Protection Animaux",N,N,1
35063,"Mississauga--Streetsville","Mississauga--Streetsville"," 162","Mississauga",N,N,"",1,516,"Girguis","","Samir","NDP-New Democratic Party","NPD-Nouveau Parti démocratique",N,N,30
35063,"Mississauga--Streetsville","Mississauga--Streetsville"," 162","Mississauga",N,N,"",1,516,"Hill","","Chris","Green Party","Parti Vert",N,N,3
35063,"Mississauga--Streetsville","Mississauga--Streetsville"," 162","Mississauga",N,N,"",1,516,"McIver","","Thomas","People's Party","Parti populaire",N,N,1
35063,"Mississauga--Streetsville","Mississauga--Streetsville"," 162","Mississauga",N,N,"",1,516,"Melek","","Ghada","Conservative","Conservateur",N,N,50
35063,"Mississauga--Streetsville","Mississauga--Streetsville"," 162","Mississauga",N,N,"",1,516,"Sikand","","Gagan","Liberal","Libéral",Y,Y,143
35063,"Mississauga--Streetsville","Mississauga--Streetsville"," 162","Mississauga",N,N,"",1,516,"Spizzirri","","Natalie","Animal Protection Party","Parti Protection Animaux",N,N,0
35063,"Mississauga--Streetsville","Mississauga--Streetsville"," 163","Mississauga",N,N,"",4,319,"Girguis","","Samir","NDP-New Democratic Party","NPD-Nouveau Parti démocratique",N,N,15
35063,"Mississauga--Streetsville","Mississauga--Streetsville"," 163","Mississauga",N,N,"",4,319,"Hill","","Chris","Green Party","Parti Vert",N,N,6
35063,"Mississauga--Streetsville","Mississauga--Streetsville"," 163","Mississauga",N,N,"",4,319,"McIver","","Thomas","People's Party","Parti populaire",N,N,1
35063,"Mississauga--Streetsville","Mississauga--Streetsville"," 163","Mississauga",N,N,"",4,319,"Melek","","Ghada","Conservative","Conservateur",N,N,55
35063,"Mississauga--Streetsville","Mississauga--Streetsville"," 163","Mississauga",N,N,"",4,319,"Sikand","","Gagan","Liberal","Libéral",Y,Y,74
35063,"Mississauga--Streetsville","Mississauga--Streetsville"," 163","Mississauga",N,N,"",4,319,"Spizzirri","","Natalie","Animal Protection Party","Parti Protection Animaux",N,N,0
35063,"Mississauga--Streetsville","Mississauga--Streetsville"," 164","Mississauga",N,N,"",2,529,"Girguis","","Samir","NDP-New Democratic Party","NPD-Nouveau Parti démocratique",N,N,24
35063,"Mississauga--Streetsville","Mississauga--Streetsville"," 164","Mississauga",N,N,"",2,529,"Hill","","Chris","Green Party","Parti Vert",N,N,13
35063,"Mississauga--Streetsville","Mississauga--Streetsville"," 164","Mississauga",N,N,"",2,529,"McIver","","Thomas","People's Party","Parti populaire",N,N,2
35063,"Mississauga--Streetsville","Mississauga--Streetsville"," 164","Mississauga",N,N,"",2,529,"Melek","","Ghada","Conservative","Conservateur",N,N,68
35063,"Mississauga--Streetsville","Mississauga--Streetsville"," 164","Mississauga",N,N,"",2,529,"Sikand","","Gagan","Liberal","Libéral",Y,Y,112
35063,"Mississauga--Streetsville","Mississauga--Streetsville"," 164","Mississauga",N,N,"",2,529,"Spizzirri","","Natalie","Animal Protection Party","Parti Protection Animaux",N,N,2
35063,"Mississauga--Streetsville","Mississauga--Streetsville"," 165","Mississauga",N,N,"",5,379,"Girguis","","Samir","NDP-New Democratic Party","NPD-Nouveau Parti démocratique",N,N,24
35063,"Mississauga--Streetsville","Mississauga--Streetsville"," 165","Mississauga",N,N,"",5,379,"Hill","","Chris","Green Party","Parti Vert",N,N,12
35063,"Mississauga--Streetsville","Mississauga--Streetsville"," 165","Mississauga",N,N,"",5,379,"McIver","","Thomas","People's Party","Parti populaire",N,N,1
35063,"Mississauga--Streetsville","Mississauga--Streetsville"," 165","Mississauga",N,N,"",5,379,"Melek","","Ghada","Conservative","Conservateur",N,N,48
35063,"Mississauga--Streetsville","Mississauga--Streetsville"," 165","Mississauga",N,N,"",5,379,"Sikand","","Gagan","Liberal","Libéral",Y,Y,96
35063,"Mississauga--Streetsville","Mississauga--Streetsville"," 165","Mississauga",N,N,"",5,379,"Spizzirri","","Natalie","Animal Protection Party","Parti Protection Animaux",N,N,0
35063,"Mississauga--Streetsville","Mississauga--Streetsville"," 166","Mississauga",N,N,"",1,495,"Girguis","","Samir","NDP-New Democratic Party","NPD-Nouveau Parti démocratique",N,N,22
35063,"Mississauga--Streetsville","Mississauga--Streetsville"," 166","Mississauga",N,N,"",1,495,"Hill","","Chris","Green Party","Parti Vert",N,N,8
35063,"Mississauga--Streetsville","Mississauga--Streetsville"," 166","Mississauga",N,N,"",1,495,"McIver","","Thomas","People's Party","Parti populaire",N,N,3
35063,"Mississauga--Streetsville","Mississauga--Streetsville"," 166","Mississauga",N,N,"",1,495,"Melek","","Ghada","Conservative","Conservateur",N,N,76
35063,"Mississauga--Streetsville","Mississauga--Streetsville"," 166","Mississauga",N,N,"",1,495,"Sikand","","Gagan","Liberal","Libéral",Y,Y,145
35063,"Mississauga--Streetsville","Mississauga--Streetsville"," 166","Mississauga",N,N,"",1,495,"Spizzirri","","Natalie","Animal Protection Party","Parti Protection Animaux",N,N,1
35063,"Mississauga--Streetsville","Mississauga--Streetsville"," 167","Mississauga",N,N,"",0,553,"Girguis","","Samir","NDP-New Democratic Party","NPD-Nouveau Parti démocratique",N,N,37
35063,"Mississauga--Streetsville","Mississauga--Streetsville"," 167","Mississauga",N,N,"",0,553,"Hill","","Chris","Green Party","Parti Vert",N,N,12
35063,"Mississauga--Streetsville","Mississauga--Streetsville"," 167","Mississauga",N,N,"",0,553,"McIver","","Thomas","People's Party","Parti populaire",N,N,3
35063,"Mississauga--Streetsville","Mississauga--Streetsville"," 167","Mississauga",N,N,"",0,553,"Melek","","Ghada","Conservative","Conservateur",N,N,61
35063,"Mississauga--Streetsville","Mississauga--Streetsville"," 167","Mississauga",N,N,"",0,553,"Sikand","","Gagan","Liberal","Libéral",Y,Y,168
35063,"Mississauga--Streetsville","Mississauga--Streetsville"," 167","Mississauga",N,N,"",0,553,"Spizzirri","","Natalie","Animal Protection Party","Parti Protection Animaux",N,N,0
35063,"Mississauga--Streetsville","Mississauga--Streetsville"," 168","Mississauga",N,N,"",2,488,"Girguis","","Samir","NDP-New Democratic Party","NPD-Nouveau Parti démocratique",N,N,33
35063,"Mississauga--Streetsville","Mississauga--Streetsville"," 168","Mississauga",N,N,"",2,488,"Hill","","Chris","Green Party","Parti Vert",N,N,6
35063,"Mississauga--Streetsville","Mississauga--Streetsville"," 168","Mississauga",N,N,"",2,488,"McIver","","Thomas","People's Party","Parti populaire",N,N,4
35063,"Mississauga--Streetsville","Mississauga--Streetsville"," 168","Mississauga",N,N,"",2,488,"Melek","","Ghada","Conservative","Conservateur",N,N,77
35063,"Mississauga--Streetsville","Mississauga--Streetsville"," 168","Mississauga",N,N,"",2,488,"Sikand","","Gagan","Liberal","Libéral",Y,Y,116
35063,"Mississauga--Streetsville","Mississauga--Streetsville"," 168","Mississauga",N,N,"",2,488,"Spizzirri","","Natalie","Animal Protection Party","Parti Protection Animaux",N,N,2
35063,"Mississauga--Streetsville","Mississauga--Streetsville"," 169","Mississauga",N,N,"",1,530,"Girguis","","Samir","NDP-New Democratic Party","NPD-Nouveau Parti démocratique",N,N,17
35063,"Mississauga--Streetsville","Mississauga--Streetsville"," 169","Mississauga",N,N,"",1,530,"Hill","","Chris","Green Party","Parti Vert",N,N,9
35063,"Mississauga--Streetsville","Mississauga--Streetsville"," 169","Mississauga",N,N,"",1,530,"McIver","","Thomas","People's Party","Parti populaire",N,N,0
35063,"Mississauga--Streetsville","Mississauga--Streetsville"," 169","Mississauga",N,N,"",1,530,"Melek","","Ghada","Conservative","Conservateur",N,N,92
35063,"Mississauga--Streetsville","Mississauga--Streetsville"," 169","Mississauga",N,N,"",1,530,"Sikand","","Gagan","Liberal","Libéral",Y,Y,129
35063,"Mississauga--Streetsville","Mississauga--Streetsville"," 169","Mississauga",N,N,"",1,530,"Spizzirri","","Natalie","Animal Protection Party","Parti Protection Animaux",N,N,3
35063,"Mississauga--Streetsville","Mississauga--Streetsville"," 170","Mississauga",N,N,"",0,466,"Girguis","","Samir","NDP-New Democratic Party","NPD-Nouveau Parti démocratique",N,N,27
35063,"Mississauga--Streetsville","Mississauga--Streetsville"," 170","Mississauga",N,N,"",0,466,"Hill","","Chris","Green Party","Parti Vert",N,N,9
35063,"Mississauga--Streetsville","Mississauga--Streetsville"," 170","Mississauga",N,N,"",0,466,"McIver","","Thomas","People's Party","Parti populaire",N,N,6
35063,"Mississauga--Streetsville","Mississauga--Streetsville"," 170","Mississauga",N,N,"",0,466,"Melek","","Ghada","Conservative","Conservateur",N,N,59
35063,"Mississauga--Streetsville","Mississauga--Streetsville"," 170","Mississauga",N,N,"",0,466,"Sikand","","Gagan","Liberal","Libéral",Y,Y,146
35063,"Mississauga--Streetsville","Mississauga--Streetsville"," 170","Mississauga",N,N,"",0,466,"Spizzirri","","Natalie","Animal Protection Party","Parti Protection Animaux",N,N,0
35063,"Mississauga--Streetsville","Mississauga--Streetsville"," 171","Mississauga",N,N,"",0,583,"Girguis","","Samir","NDP-New Democratic Party","NPD-Nouveau Parti démocratique",N,N,48
35063,"Mississauga--Streetsville","Mississauga--Streetsville"," 171","Mississauga",N,N,"",0,583,"Hill","","Chris","Green Party","Parti Vert",N,N,15
35063,"Mississauga--Streetsville","Mississauga--Streetsville"," 171","Mississauga",N,N,"",0,583,"McIver","","Thomas","People's Party","Parti populaire",N,N,6
35063,"Mississauga--Streetsville","Mississauga--Streetsville"," 171","Mississauga",N,N,"",0,583,"Melek","","Ghada","Conservative","Conservateur",N,N,84
35063,"Mississauga--Streetsville","Mississauga--Streetsville"," 171","Mississauga",N,N,"",0,583,"Sikand","","Gagan","Liberal","Libéral",Y,Y,143
35063,"Mississauga--Streetsville","Mississauga--Streetsville"," 171","Mississauga",N,N,"",0,583,"Spizzirri","","Natalie","Animal Protection Party","Parti Protection Animaux",N,N,2
35063,"Mississauga--Streetsville","Mississauga--Streetsville"," 172","Mississauga",N,N,"",1,472,"Girguis","","Samir","NDP-New Democratic Party","NPD-Nouveau Parti démocratique",N,N,36
35063,"Mississauga--Streetsville","Mississauga--Streetsville"," 172","Mississauga",N,N,"",1,472,"Hill","","Chris","Green Party","Parti Vert",N,N,11
35063,"Mississauga--Streetsville","Mississauga--Streetsville"," 172","Mississauga",N,N,"",1,472,"McIver","","Thomas","People's Party","Parti populaire",N,N,5
35063,"Mississauga--Streetsville","Mississauga--Streetsville"," 172","Mississauga",N,N,"",1,472,"Melek","","Ghada","Conservative","Conservateur",N,N,75
35063,"Mississauga--Streetsville","Mississauga--Streetsville"," 172","Mississauga",N,N,"",1,472,"Sikand","","Gagan","Liberal","Libéral",Y,Y,130
35063,"Mississauga--Streetsville","Mississauga--Streetsville"," 172","Mississauga",N,N,"",1,472,"Spizzirri","","Natalie","Animal Protection Party","Parti Protection Animaux",N,N,1
35063,"Mississauga--Streetsville","Mississauga--Streetsville"," 173","Mississauga",N,N,"",4,476,"Girguis","","Samir","NDP-New Democratic Party","NPD-Nouveau Parti démocratique",N,N,28
35063,"Mississauga--Streetsville","Mississauga--Streetsville"," 173","Mississauga",N,N,"",4,476,"Hill","","Chris","Green Party","Parti Vert",N,N,13
35063,"Mississauga--Streetsville","Mississauga--Streetsville"," 173","Mississauga",N,N,"",4,476,"McIver","","Thomas","People's Party","Parti populaire",N,N,0
35063,"Mississauga--Streetsville","Mississauga--Streetsville"," 173","Mississauga",N,N,"",4,476,"Melek","","Ghada","Conservative","Conservateur",N,N,70
35063,"Mississauga--Streetsville","Mississauga--Streetsville"," 173","Mississauga",N,N,"",4,476,"Sikand","","Gagan","Liberal","Libéral",Y,Y,100
35063,"Mississauga--Streetsville","Mississauga--Streetsville"," 173","Mississauga",N,N,"",4,476,"Spizzirri","","Natalie","Animal Protection Party","Parti Protection Animaux",N,N,5
35063,"Mississauga--Streetsville","Mississauga--Streetsville"," 174","Mississauga",N,N,"",0,392,"Girguis","","Samir","NDP-New Democratic Party","NPD-Nouveau Parti démocratique",N,N,26
35063,"Mississauga--Streetsville","Mississauga--Streetsville"," 174","Mississauga",N,N,"",0,392,"Hill","","Chris","Green Party","Parti Vert",N,N,11
35063,"Mississauga--Streetsville","Mississauga--Streetsville"," 174","Mississauga",N,N,"",0,392,"McIver","","Thomas","People's Party","Parti populaire",N,N,2
35063,"Mississauga--Streetsville","Mississauga--Streetsville"," 174","Mississauga",N,N,"",0,392,"Melek","","Ghada","Conservative","Conservateur",N,N,55
35063,"Mississauga--Streetsville","Mississauga--Streetsville"," 174","Mississauga",N,N,"",0,392,"Sikand","","Gagan","Liberal","Libéral",Y,Y,85
35063,"Mississauga--Streetsville","Mississauga--Streetsville"," 174","Mississauga",N,N,"",0,392,"Spizzirri","","Natalie","Animal Protection Party","Parti Protection Animaux",N,N,3
35063,"Mississauga--Streetsville","Mississauga--Streetsville"," 175","Mississauga",N,N,"",0,510,"Girguis","","Samir","NDP-New Democratic Party","NPD-Nouveau Parti démocratique",N,N,16
35063,"Mississauga--Streetsville","Mississauga--Streetsville"," 175","Mississauga",N,N,"",0,510,"Hill","","Chris","Green Party","Parti Vert",N,N,13
35063,"Mississauga--Streetsville","Mississauga--Streetsville"," 175","Mississauga",N,N,"",0,510,"McIver","","Thomas","People's Party","Parti populaire",N,N,4
35063,"Mississauga--Streetsville","Mississauga--Streetsville"," 175","Mississauga",N,N,"",0,510,"Melek","","Ghada","Conservative","Conservateur",N,N,62
35063,"Mississauga--Streetsville","Mississauga--Streetsville"," 175","Mississauga",N,N,"",0,510,"Sikand","","Gagan","Liberal","Libéral",Y,Y,143
35063,"Mississauga--Streetsville","Mississauga--Streetsville"," 175","Mississauga",N,N,"",0,510,"Spizzirri","","Natalie","Animal Protection Party","Parti Protection Animaux",N,N,1
35063,"Mississauga--Streetsville","Mississauga--Streetsville"," 176","Mississauga",N,N,"",0,403,"Girguis","","Samir","NDP-New Democratic Party","NPD-Nouveau Parti démocratique",N,N,20
35063,"Mississauga--Streetsville","Mississauga--Streetsville"," 176","Mississauga",N,N,"",0,403,"Hill","","Chris","Green Party","Parti Vert",N,N,11
35063,"Mississauga--Streetsville","Mississauga--Streetsville"," 176","Mississauga",N,N,"",0,403,"McIver","","Thomas","People's Party","Parti populaire",N,N,0
35063,"Mississauga--Streetsville","Mississauga--Streetsville"," 176","Mississauga",N,N,"",0,403,"Melek","","Ghada","Conservative","Conservateur",N,N,50
35063,"Mississauga--Streetsville","Mississauga--Streetsville"," 176","Mississauga",N,N,"",0,403,"Sikand","","Gagan","Liberal","Libéral",Y,Y,97
35063,"Mississauga--Streetsville","Mississauga--Streetsville"," 176","Mississauga",N,N,"",0,403,"Spizzirri","","Natalie","Animal Protection Party","Parti Protection Animaux",N,N,1
35063,"Mississauga--Streetsville","Mississauga--Streetsville"," 177","Mississauga",N,N,"",3,583,"Girguis","","Samir","NDP-New Democratic Party","NPD-Nouveau Parti démocratique",N,N,27
35063,"Mississauga--Streetsville","Mississauga--Streetsville"," 177","Mississauga",N,N,"",3,583,"Hill","","Chris","Green Party","Parti Vert",N,N,11
35063,"Mississauga--Streetsville","Mississauga--Streetsville"," 177","Mississauga",N,N,"",3,583,"McIver","","Thomas","People's Party","Parti populaire",N,N,3
35063,"Mississauga--Streetsville","Mississauga--Streetsville"," 177","Mississauga",N,N,"",3,583,"Melek","","Ghada","Conservative","Conservateur",N,N,103
35063,"Mississauga--Streetsville","Mississauga--Streetsville"," 177","Mississauga",N,N,"",3,583,"Sikand","","Gagan","Liberal","Libéral",Y,Y,110
35063,"Mississauga--Streetsville","Mississauga--Streetsville"," 177","Mississauga",N,N,"",3,583,"Spizzirri","","Natalie","Animal Protection Party","Parti Protection Animaux",N,N,0
35063,"Mississauga--Streetsville","Mississauga--Streetsville"," 178","Mississauga",N,N,"",0,402,"Girguis","","Samir","NDP-New Democratic Party","NPD-Nouveau Parti démocratique",N,N,19
35063,"Mississauga--Streetsville","Mississauga--Streetsville"," 178","Mississauga",N,N,"",0,402,"Hill","","Chris","Green Party","Parti Vert",N,N,4
35063,"Mississauga--Streetsville","Mississauga--Streetsville"," 178","Mississauga",N,N,"",0,402,"McIver","","Thomas","People's Party","Parti populaire",N,N,4
35063,"Mississauga--Streetsville","Mississauga--Streetsville"," 178","Mississauga",N,N,"",0,402,"Melek","","Ghada","Conservative","Conservateur",N,N,62
35063,"Mississauga--Streetsville","Mississauga--Streetsville"," 178","Mississauga",N,N,"",0,402,"Sikand","","Gagan","Liberal","Libéral",Y,Y,84
35063,"Mississauga--Streetsville","Mississauga--Streetsville"," 178","Mississauga",N,N,"",0,402,"Spizzirri","","Natalie","Animal Protection Party","Parti Protection Animaux",N,N,0
35063,"Mississauga--Streetsville","Mississauga--Streetsville"," 179","Mississauga",N,N,"",5,465,"Girguis","","Samir","NDP-New Democratic Party","NPD-Nouveau Parti démocratique",N,N,26
35063,"Mississauga--Streetsville","Mississauga--Streetsville"," 179","Mississauga",N,N,"",5,465,"Hill","","Chris","Green Party","Parti Vert",N,N,9
35063,"Mississauga--Streetsville","Mississauga--Streetsville"," 179","Mississauga",N,N,"",5,465,"McIver","","Thomas","People's Party","Parti populaire",N,N,3
35063,"Mississauga--Streetsville","Mississauga--Streetsville"," 179","Mississauga",N,N,"",5,465,"Melek","","Ghada","Conservative","Conservateur",N,N,63
35063,"Mississauga--Streetsville","Mississauga--Streetsville"," 179","Mississauga",N,N,"",5,465,"Sikand","","Gagan","Liberal","Libéral",Y,Y,102
35063,"Mississauga--Streetsville","Mississauga--Streetsville"," 179","Mississauga",N,N,"",5,465,"Spizzirri","","Natalie","Animal Protection Party","Parti Protection Animaux",N,N,0
35063,"Mississauga--Streetsville","Mississauga--Streetsville"," 180","Mississauga",N,N,"",1,362,"Girguis","","Samir","NDP-New Democratic Party","NPD-Nouveau Parti démocratique",N,N,16
35063,"Mississauga--Streetsville","Mississauga--Streetsville"," 180","Mississauga",N,N,"",1,362,"Hill","","Chris","Green Party","Parti Vert",N,N,3
35063,"Mississauga--Streetsville","Mississauga--Streetsville"," 180","Mississauga",N,N,"",1,362,"McIver","","Thomas","People's Party","Parti populaire",N,N,1
35063,"Mississauga--Streetsville","Mississauga--Streetsville"," 180","Mississauga",N,N,"",1,362,"Melek","","Ghada","Conservative","Conservateur",N,N,60
35063,"Mississauga--Streetsville","Mississauga--Streetsville"," 180","Mississauga",N,N,"",1,362,"Sikand","","Gagan","Liberal","Libéral",Y,Y,80
35063,"Mississauga--Streetsville","Mississauga--Streetsville"," 180","Mississauga",N,N,"",1,362,"Spizzirri","","Natalie","Animal Protection Party","Parti Protection Animaux",N,N,0
35063,"Mississauga--Streetsville","Mississauga--Streetsville"," 181","Mississauga",N,N,"",3,471,"Girguis","","Samir","NDP-New Democratic Party","NPD-Nouveau Parti démocratique",N,N,18
35063,"Mississauga--Streetsville","Mississauga--Streetsville"," 181","Mississauga",N,N,"",3,471,"Hill","","Chris","Green Party","Parti Vert",N,N,6
35063,"Mississauga--Streetsville","Mississauga--Streetsville"," 181","Mississauga",N,N,"",3,471,"McIver","","Thomas","People's Party","Parti populaire",N,N,2
35063,"Mississauga--Streetsville","Mississauga--Streetsville"," 181","Mississauga",N,N,"",3,471,"Melek","","Ghada","Conservative","Conservateur",N,N,54
35063,"Mississauga--Streetsville","Mississauga--Streetsville"," 181","Mississauga",N,N,"",3,471,"Sikand","","Gagan","Liberal","Libéral",Y,Y,97
35063,"Mississauga--Streetsville","Mississauga--Streetsville"," 181","Mississauga",N,N,"",3,471,"Spizzirri","","Natalie","Animal Protection Party","Parti Protection Animaux",N,N,1
35063,"Mississauga--Streetsville","Mississauga--Streetsville"," 182","Mississauga",N,N,"",3,497,"Girguis","","Samir","NDP-New Democratic Party","NPD-Nouveau Parti démocratique",N,N,27
35063,"Mississauga--Streetsville","Mississauga--Streetsville"," 182","Mississauga",N,N,"",3,497,"Hill","","Chris","Green Party","Parti Vert",N,N,3
35063,"Mississauga--Streetsville","Mississauga--Streetsville"," 182","Mississauga",N,N,"",3,497,"McIver","","Thomas","People's Party","Parti populaire",N,N,3
35063,"Mississauga--Streetsville","Mississauga--Streetsville"," 182","Mississauga",N,N,"",3,497,"Melek","","Ghada","Conservative","Conservateur",N,N,66
35063,"Mississauga--Streetsville","Mississauga--Streetsville"," 182","Mississauga",N,N,"",3,497,"Sikand","","Gagan","Liberal","Libéral",Y,Y,98
35063,"Mississauga--Streetsville","Mississauga--Streetsville"," 182","Mississauga",N,N,"",3,497,"Spizzirri","","Natalie","Animal Protection Party","Parti Protection Animaux",N,N,0
35063,"Mississauga--Streetsville","Mississauga--Streetsville"," 183","Mississauga",N,N,"",0,404,"Girguis","","Samir","NDP-New Democratic Party","NPD-Nouveau Parti démocratique",N,N,21
35063,"Mississauga--Streetsville","Mississauga--Streetsville"," 183","Mississauga",N,N,"",0,404,"Hill","","Chris","Green Party","Parti Vert",N,N,4
35063,"Mississauga--Streetsville","Mississauga--Streetsville"," 183","Mississauga",N,N,"",0,404,"McIver","","Thomas","People's Party","Parti populaire",N,N,1
35063,"Mississauga--Streetsville","Mississauga--Streetsville"," 183","Mississauga",N,N,"",0,404,"Melek","","Ghada","Conservative","Conservateur",N,N,73
35063,"Mississauga--Streetsville","Mississauga--Streetsville"," 183","Mississauga",N,N,"",0,404,"Sikand","","Gagan","Liberal","Libéral",Y,Y,70
35063,"Mississauga--Streetsville","Mississauga--Streetsville"," 183","Mississauga",N,N,"",0,404,"Spizzirri","","Natalie","Animal Protection Party","Parti Protection Animaux",N,N,1
35063,"Mississauga--Streetsville","Mississauga--Streetsville"," 184","Mississauga",N,N,"",1,379,"Girguis","","Samir","NDP-New Democratic Party","NPD-Nouveau Parti démocratique",N,N,21
35063,"Mississauga--Streetsville","Mississauga--Streetsville"," 184","Mississauga",N,N,"",1,379,"Hill","","Chris","Green Party","Parti Vert",N,N,8
35063,"Mississauga--Streetsville","Mississauga--Streetsville"," 184","Mississauga",N,N,"",1,379,"McIver","","Thomas","People's Party","Parti populaire",N,N,0
35063,"Mississauga--Streetsville","Mississauga--Streetsville"," 184","Mississauga",N,N,"",1,379,"Melek","","Ghada","Conservative","Conservateur",N,N,34
35063,"Mississauga--Streetsville","Mississauga--Streetsville"," 184","Mississauga",N,N,"",1,379,"Sikand","","Gagan","Liberal","Libéral",Y,Y,71
35063,"Mississauga--Streetsville","Mississauga--Streetsville"," 184","Mississauga",N,N,"",1,379,"Spizzirri","","Natalie","Animal Protection Party","Parti Protection Animaux",N,N,0
35063,"Mississauga--Streetsville","Mississauga--Streetsville"," 185","Mississauga",N,N,"",3,552,"Girguis","","Samir","NDP-New Democratic Party","NPD-Nouveau Parti démocratique",N,N,32
35063,"Mississauga--Streetsville","Mississauga--Streetsville"," 185","Mississauga",N,N,"",3,552,"Hill","","Chris","Green Party","Parti Vert",N,N,9
35063,"Mississauga--Streetsville","Mississauga--Streetsville"," 185","Mississauga",N,N,"",3,552,"McIver","","Thomas","People's Party","Parti populaire",N,N,3
35063,"Mississauga--Streetsville","Mississauga--Streetsville"," 185","Mississauga",N,N,"",3,552,"Melek","","Ghada","Conservative","Conservateur",N,N,89
35063,"Mississauga--Streetsville","Mississauga--Streetsville"," 185","Mississauga",N,N,"",3,552,"Sikand","","Gagan","Liberal","Libéral",Y,Y,95
35063,"Mississauga--Streetsville","Mississauga--Streetsville"," 185","Mississauga",N,N,"",3,552,"Spizzirri","","Natalie","Animal Protection Party","Parti Protection Animaux",N,N,1
35063,"Mississauga--Streetsville","Mississauga--Streetsville"," 186","Mississauga",N,N,"",1,463,"Girguis","","Samir","NDP-New Democratic Party","NPD-Nouveau Parti démocratique",N,N,22
35063,"Mississauga--Streetsville","Mississauga--Streetsville"," 186","Mississauga",N,N,"",1,463,"Hill","","Chris","Green Party","Parti Vert",N,N,8
35063,"Mississauga--Streetsville","Mississauga--Streetsville"," 186","Mississauga",N,N,"",1,463,"McIver","","Thomas","People's Party","Parti populaire",N,N,3
35063,"Mississauga--Streetsville","Mississauga--Streetsville"," 186","Mississauga",N,N,"",1,463,"Melek","","Ghada","Conservative","Conservateur",N,N,54
35063,"Mississauga--Streetsville","Mississauga--Streetsville"," 186","Mississauga",N,N,"",1,463,"Sikand","","Gagan","Liberal","Libéral",Y,Y,109
35063,"Mississauga--Streetsville","Mississauga--Streetsville"," 186","Mississauga",N,N,"",1,463,"Spizzirri","","Natalie","Animal Protection Party","Parti Protection Animaux",N,N,0
35063,"Mississauga--Streetsville","Mississauga--Streetsville"," 187","Mississauga",N,N,"",0,440,"Girguis","","Samir","NDP-New Democratic Party","NPD-Nouveau Parti démocratique",N,N,12
35063,"Mississauga--Streetsville","Mississauga--Streetsville"," 187","Mississauga",N,N,"",0,440,"Hill","","Chris","Green Party","Parti Vert",N,N,8
35063,"Mississauga--Streetsville","Mississauga--Streetsville"," 187","Mississauga",N,N,"",0,440,"McIver","","Thomas","People's Party","Parti populaire",N,N,1
35063,"Mississauga--Streetsville","Mississauga--Streetsville"," 187","Mississauga",N,N,"",0,440,"Melek","","Ghada","Conservative","Conservateur",N,N,61
35063,"Mississauga--Streetsville","Mississauga--Streetsville"," 187","Mississauga",N,N,"",0,440,"Sikand","","Gagan","Liberal","Libéral",Y,Y,100
35063,"Mississauga--Streetsville","Mississauga--Streetsville"," 187","Mississauga",N,N,"",0,440,"Spizzirri","","Natalie","Animal Protection Party","Parti Protection Animaux",N,N,0
35063,"Mississauga--Streetsville","Mississauga--Streetsville"," 188","Mississauga",N,N,"",3,560,"Girguis","","Samir","NDP-New Democratic Party","NPD-Nouveau Parti démocratique",N,N,20
35063,"Mississauga--Streetsville","Mississauga--Streetsville"," 188","Mississauga",N,N,"",3,560,"Hill","","Chris","Green Party","Parti Vert",N,N,8
35063,"Mississauga--Streetsville","Mississauga--Streetsville"," 188","Mississauga",N,N,"",3,560,"McIver","","Thomas","People's Party","Parti populaire",N,N,4
35063,"Mississauga--Streetsville","Mississauga--Streetsville"," 188","Mississauga",N,N,"",3,560,"Melek","","Ghada","Conservative","Conservateur",N,N,70
35063,"Mississauga--Streetsville","Mississauga--Streetsville"," 188","Mississauga",N,N,"",3,560,"Sikand","","Gagan","Liberal","Libéral",Y,Y,130
35063,"Mississauga--Streetsville","Mississauga--Streetsville"," 188","Mississauga",N,N,"",3,560,"Spizzirri","","Natalie","Animal Protection Party","Parti Protection Animaux",N,N,2
35063,"Mississauga--Streetsville","Mississauga--Streetsville"," 400","Mississauga",N,N,"",1,245,"Girguis","","Samir","NDP-New Democratic Party","NPD-Nouveau Parti démocratique",N,N,13
35063,"Mississauga--Streetsville","Mississauga--Streetsville"," 400","Mississauga",N,N,"",1,245,"Hill","","Chris","Green Party","Parti Vert",N,N,1
35063,"Mississauga--Streetsville","Mississauga--Streetsville"," 400","Mississauga",N,N,"",1,245,"McIver","","Thomas","People's Party","Parti populaire",N,N,1
35063,"Mississauga--Streetsville","Mississauga--Streetsville"," 400","Mississauga",N,N,"",1,245,"Melek","","Ghada","Conservative","Conservateur",N,N,22
35063,"Mississauga--Streetsville","Mississauga--Streetsville"," 400","Mississauga",N,N,"",1,245,"Sikand","","Gagan","Liberal","Libéral",Y,Y,35
35063,"Mississauga--Streetsville","Mississauga--Streetsville"," 400","Mississauga",N,N,"",1,245,"Spizzirri","","Natalie","Animal Protection Party","Parti Protection Animaux",N,N,0
35063,"Mississauga--Streetsville","Mississauga--Streetsville"," 401","Mississauga",N,N,"",1,424,"Girguis","","Samir","NDP-New Democratic Party","NPD-Nouveau Parti démocratique",N,N,11
35063,"Mississauga--Streetsville","Mississauga--Streetsville"," 401","Mississauga",N,N,"",1,424,"Hill","","Chris","Green Party","Parti Vert",N,N,10
35063,"Mississauga--Streetsville","Mississauga--Streetsville"," 401","Mississauga",N,N,"",1,424,"McIver","","Thomas","People's Party","Parti populaire",N,N,6
35063,"Mississauga--Streetsville","Mississauga--Streetsville"," 401","Mississauga",N,N,"",1,424,"Melek","","Ghada","Conservative","Conservateur",N,N,32
35063,"Mississauga--Streetsville","Mississauga--Streetsville"," 401","Mississauga",N,N,"",1,424,"Sikand","","Gagan","Liberal","Libéral",Y,Y,82
35063,"Mississauga--Streetsville","Mississauga--Streetsville"," 401","Mississauga",N,N,"",1,424,"Spizzirri","","Natalie","Animal Protection Party","Parti Protection Animaux",N,N,1
35063,"Mississauga--Streetsville","Mississauga--Streetsville"," 402","Mississauga",N,N,"",2,243,"Girguis","","Samir","NDP-New Democratic Party","NPD-Nouveau Parti démocratique",N,N,5
35063,"Mississauga--Streetsville","Mississauga--Streetsville"," 402","Mississauga",N,N,"",2,243,"Hill","","Chris","Green Party","Parti Vert",N,N,1
35063,"Mississauga--Streetsville","Mississauga--Streetsville"," 402","Mississauga",N,N,"",2,243,"McIver","","Thomas","People's Party","Parti populaire",N,N,0
35063,"Mississauga--Streetsville","Mississauga--Streetsville"," 402","Mississauga",N,N,"",2,243,"Melek","","Ghada","Conservative","Conservateur",N,N,18
35063,"Mississauga--Streetsville","Mississauga--Streetsville"," 402","Mississauga",N,N,"",2,243,"Sikand","","Gagan","Liberal","Libéral",Y,Y,46
35063,"Mississauga--Streetsville","Mississauga--Streetsville"," 402","Mississauga",N,N,"",2,243,"Spizzirri","","Natalie","Animal Protection Party","Parti Protection Animaux",N,N,0
35063,"Mississauga--Streetsville","Mississauga--Streetsville"," 403","Mississauga",N,N,"",3,239,"Girguis","","Samir","NDP-New Democratic Party","NPD-Nouveau Parti démocratique",N,N,20
35063,"Mississauga--Streetsville","Mississauga--Streetsville"," 403","Mississauga",N,N,"",3,239,"Hill","","Chris","Green Party","Parti Vert",N,N,4
35063,"Mississauga--Streetsville","Mississauga--Streetsville"," 403","Mississauga",N,N,"",3,239,"McIver","","Thomas","People's Party","Parti populaire",N,N,0
35063,"Mississauga--Streetsville","Mississauga--Streetsville"," 403","Mississauga",N,N,"",3,239,"Melek","","Ghada","Conservative","Conservateur",N,N,38
35063,"Mississauga--Streetsville","Mississauga--Streetsville"," 403","Mississauga",N,N,"",3,239,"Sikand","","Gagan","Liberal","Libéral",Y,Y,53
35063,"Mississauga--Streetsville","Mississauga--Streetsville"," 403","Mississauga",N,N,"",3,239,"Spizzirri","","Natalie","Animal Protection Party","Parti Protection Animaux",N,N,0
35063,"Mississauga--Streetsville","Mississauga--Streetsville"," 404","Mississauga",N,N,"",0,223,"Girguis","","Samir","NDP-New Democratic Party","NPD-Nouveau Parti démocratique",N,N,12
35063,"Mississauga--Streetsville","Mississauga--Streetsville"," 404","Mississauga",N,N,"",0,223,"Hill","","Chris","Green Party","Parti Vert",N,N,7
35063,"Mississauga--Streetsville","Mississauga--Streetsville"," 404","Mississauga",N,N,"",0,223,"McIver","","Thomas","People's Party","Parti populaire",N,N,0
35063,"Mississauga--Streetsville","Mississauga--Streetsville"," 404","Mississauga",N,N,"",0,223,"Melek","","Ghada","Conservative","Conservateur",N,N,26
35063,"Mississauga--Streetsville","Mississauga--Streetsville"," 404","Mississauga",N,N,"",0,223,"Sikand","","Gagan","Liberal","Libéral",Y,Y,46
35063,"Mississauga--Streetsville","Mississauga--Streetsville"," 404","Mississauga",N,N,"",0,223,"Spizzirri","","Natalie","Animal Protection Party","Parti Protection Animaux",N,N,1
35063,"Mississauga--Streetsville","Mississauga--Streetsville"," 405","Mississauga",N,N,"",4,432,"Girguis","","Samir","NDP-New Democratic Party","NPD-Nouveau Parti démocratique",N,N,37
35063,"Mississauga--Streetsville","Mississauga--Streetsville"," 405","Mississauga",N,N,"",4,432,"Hill","","Chris","Green Party","Parti Vert",N,N,4
35063,"Mississauga--Streetsville","Mississauga--Streetsville"," 405","Mississauga",N,N,"",4,432,"McIver","","Thomas","People's Party","Parti populaire",N,N,6
35063,"Mississauga--Streetsville","Mississauga--Streetsville"," 405","Mississauga",N,N,"",4,432,"Melek","","Ghada","Conservative","Conservateur",N,N,36
35063,"Mississauga--Streetsville","Mississauga--Streetsville"," 405","Mississauga",N,N,"",4,432,"Sikand","","Gagan","Liberal","Libéral",Y,Y,106
35063,"Mississauga--Streetsville","Mississauga--Streetsville"," 405","Mississauga",N,N,"",4,432,"Spizzirri","","Natalie","Animal Protection Party","Parti Protection Animaux",N,N,2
35063,"Mississauga--Streetsville","Mississauga--Streetsville"," 406","Mississauga",N,N,"",2,194,"Girguis","","Samir","NDP-New Democratic Party","NPD-Nouveau Parti démocratique",N,N,13
35063,"Mississauga--Streetsville","Mississauga--Streetsville"," 406","Mississauga",N,N,"",2,194,"Hill","","Chris","Green Party","Parti Vert",N,N,1
35063,"Mississauga--Streetsville","Mississauga--Streetsville"," 406","Mississauga",N,N,"",2,194,"McIver","","Thomas","People's Party","Parti populaire",N,N,1
35063,"Mississauga--Streetsville","Mississauga--Streetsville"," 406","Mississauga",N,N,"",2,194,"Melek","","Ghada","Conservative","Conservateur",N,N,16
35063,"Mississauga--Streetsville","Mississauga--Streetsville"," 406","Mississauga",N,N,"",2,194,"Sikand","","Gagan","Liberal","Libéral",Y,Y,29
35063,"Mississauga--Streetsville","Mississauga--Streetsville"," 406","Mississauga",N,N,"",2,194,"Spizzirri","","Natalie","Animal Protection Party","Parti Protection Animaux",N,N,0
35063,"Mississauga--Streetsville","Mississauga--Streetsville"," 407","Mississauga",N,N,"",2,399,"Girguis","","Samir","NDP-New Democratic Party","NPD-Nouveau Parti démocratique",N,N,18
35063,"Mississauga--Streetsville","Mississauga--Streetsville"," 407","Mississauga",N,N,"",2,399,"Hill","","Chris","Green Party","Parti Vert",N,N,7
35063,"Mississauga--Streetsville","Mississauga--Streetsville"," 407","Mississauga",N,N,"",2,399,"McIver","","Thomas","People's Party","Parti populaire",N,N,1
35063,"Mississauga--Streetsville","Mississauga--Streetsville"," 407","Mississauga",N,N,"",2,399,"Melek","","Ghada","Conservative","Conservateur",N,N,27
35063,"Mississauga--Streetsville","Mississauga--Streetsville"," 407","Mississauga",N,N,"",2,399,"Sikand","","Gagan","Liberal","Libéral",Y,Y,81
35063,"Mississauga--Streetsville","Mississauga--Streetsville"," 407","Mississauga",N,N,"",2,399,"Spizzirri","","Natalie","Animal Protection Party","Parti Protection Animaux",N,N,2
35063,"Mississauga--Streetsville","Mississauga--Streetsville"," 408","Mississauga",N,N,"",0,284,"Girguis","","Samir","NDP-New Democratic Party","NPD-Nouveau Parti démocratique",N,N,14
35063,"Mississauga--Streetsville","Mississauga--Streetsville"," 408","Mississauga",N,N,"",0,284,"Hill","","Chris","Green Party","Parti Vert",N,N,0
35063,"Mississauga--Streetsville","Mississauga--Streetsville"," 408","Mississauga",N,N,"",0,284,"McIver","","Thomas","People's Party","Parti populaire",N,N,1
35063,"Mississauga--Streetsville","Mississauga--Streetsville"," 408","Mississauga",N,N,"",0,284,"Melek","","Ghada","Conservative","Conservateur",N,N,44
35063,"Mississauga--Streetsville","Mississauga--Streetsville"," 408","Mississauga",N,N,"",0,284,"Sikand","","Gagan","Liberal","Libéral",Y,Y,59
35063,"Mississauga--Streetsville","Mississauga--Streetsville"," 408","Mississauga",N,N,"",0,284,"Spizzirri","","Natalie","Animal Protection Party","Parti Protection Animaux",N,N,0
35063,"Mississauga--Streetsville","Mississauga--Streetsville"," 600","Mississauga",N,N,"",6,0,"Girguis","","Samir","NDP-New Democratic Party","NPD-Nouveau Parti démocratique",N,N,95
35063,"Mississauga--Streetsville","Mississauga--Streetsville"," 600","Mississauga",N,N,"",6,0,"Hill","","Chris","Green Party","Parti Vert",N,N,35
35063,"Mississauga--Streetsville","Mississauga--Streetsville"," 600","Mississauga",N,N,"",6,0,"McIver","","Thomas","People's Party","Parti populaire",N,N,8
35063,"Mississauga--Streetsville","Mississauga--Streetsville"," 600","Mississauga",N,N,"",6,0,"Melek","","Ghada","Conservative","Conservateur",N,N,238
35063,"Mississauga--Streetsville","Mississauga--Streetsville"," 600","Mississauga",N,N,"",6,0,"Sikand","","Gagan","Liberal","Libéral",Y,Y,443
35063,"Mississauga--Streetsville","Mississauga--Streetsville"," 600","Mississauga",N,N,"",6,0,"Spizzirri","","Natalie","Animal Protection Party","Parti Protection Animaux",N,N,1
35063,"Mississauga--Streetsville","Mississauga--Streetsville"," 601","Mississauga",N,N,"",11,0,"Girguis","","Samir","NDP-New Democratic Party","NPD-Nouveau Parti démocratique",N,N,69
35063,"Mississauga--Streetsville","Mississauga--Streetsville"," 601","Mississauga",N,N,"",11,0,"Hill","","Chris","Green Party","Parti Vert",N,N,35
35063,"Mississauga--Streetsville","Mississauga--Streetsville"," 601","Mississauga",N,N,"",11,0,"McIver","","Thomas","People's Party","Parti populaire",N,N,9
35063,"Mississauga--Streetsville","Mississauga--Streetsville"," 601","Mississauga",N,N,"",11,0,"Melek","","Ghada","Conservative","Conservateur",N,N,321
35063,"Mississauga--Streetsville","Mississauga--Streetsville"," 601","Mississauga",N,N,"",11,0,"Sikand","","Gagan","Liberal","Libéral",Y,Y,451
35063,"Mississauga--Streetsville","Mississauga--Streetsville"," 601","Mississauga",N,N,"",11,0,"Spizzirri","","Natalie","Animal Protection Party","Parti Protection Animaux",N,N,1
35063,"Mississauga--Streetsville","Mississauga--Streetsville"," 602","Mississauga",N,N,"",10,0,"Girguis","","Samir","NDP-New Democratic Party","NPD-Nouveau Parti démocratique",N,N,89
35063,"Mississauga--Streetsville","Mississauga--Streetsville"," 602","Mississauga",N,N,"",10,0,"Hill","","Chris","Green Party","Parti Vert",N,N,55
35063,"Mississauga--Streetsville","Mississauga--Streetsville"," 602","Mississauga",N,N,"",10,0,"McIver","","Thomas","People's Party","Parti populaire",N,N,8
35063,"Mississauga--Streetsville","Mississauga--Streetsville"," 602","Mississauga",N,N,"",10,0,"Melek","","Ghada","Conservative","Conservateur",N,N,362
35063,"Mississauga--Streetsville","Mississauga--Streetsville"," 602","Mississauga",N,N,"",10,0,"Sikand","","Gagan","Liberal","Libéral",Y,Y,411
35063,"Mississauga--Streetsville","Mississauga--Streetsville"," 602","Mississauga",N,N,"",10,0,"Spizzirri","","Natalie","Animal Protection Party","Parti Protection Animaux",N,N,2
35063,"Mississauga--Streetsville","Mississauga--Streetsville"," 603","Mississauga",N,N,"",0,0,"Girguis","","Samir","NDP-New Democratic Party","NPD-Nouveau Parti démocratique",N,N,66
35063,"Mississauga--Streetsville","Mississauga--Streetsville"," 603","Mississauga",N,N,"",0,0,"Hill","","Chris","Green Party","Parti Vert",N,N,36
35063,"Mississauga--Streetsville","Mississauga--Streetsville"," 603","Mississauga",N,N,"",0,0,"McIver","","Thomas","People's Party","Parti populaire",N,N,10
35063,"Mississauga--Streetsville","Mississauga--Streetsville"," 603","Mississauga",N,N,"",0,0,"Melek","","Ghada","Conservative","Conservateur",N,N,282
35063,"Mississauga--Streetsville","Mississauga--Streetsville"," 603","Mississauga",N,N,"",0,0,"Sikand","","Gagan","Liberal","Libéral",Y,Y,430
35063,"Mississauga--Streetsville","Mississauga--Streetsville"," 603","Mississauga",N,N,"",0,0,"Spizzirri","","Natalie","Animal Protection Party","Parti Protection Animaux",N,N,2
35063,"Mississauga--Streetsville","Mississauga--Streetsville"," 604","Mississauga",N,N,"",9,0,"Girguis","","Samir","NDP-New Democratic Party","NPD-Nouveau Parti démocratique",N,N,62
35063,"Mississauga--Streetsville","Mississauga--Streetsville"," 604","Mississauga",N,N,"",9,0,"Hill","","Chris","Green Party","Parti Vert",N,N,24
35063,"Mississauga--Streetsville","Mississauga--Streetsville"," 604","Mississauga",N,N,"",9,0,"McIver","","Thomas","People's Party","Parti populaire",N,N,9
35063,"Mississauga--Streetsville","Mississauga--Streetsville"," 604","Mississauga",N,N,"",9,0,"Melek","","Ghada","Conservative","Conservateur",N,N,533
35063,"Mississauga--Streetsville","Mississauga--Streetsville"," 604","Mississauga",N,N,"",9,0,"Sikand","","Gagan","Liberal","Libéral",Y,Y,516
35063,"Mississauga--Streetsville","Mississauga--Streetsville"," 604","Mississauga",N,N,"",9,0,"Spizzirri","","Natalie","Animal Protection Party","Parti Protection Animaux",N,N,3
35063,"Mississauga--Streetsville","Mississauga--Streetsville"," 605","Mississauga",N,N,"",6,0,"Girguis","","Samir","NDP-New Democratic Party","NPD-Nouveau Parti démocratique",N,N,77
35063,"Mississauga--Streetsville","Mississauga--Streetsville"," 605","Mississauga",N,N,"",6,0,"Hill","","Chris","Green Party","Parti Vert",N,N,41
35063,"Mississauga--Streetsville","Mississauga--Streetsville"," 605","Mississauga",N,N,"",6,0,"McIver","","Thomas","People's Party","Parti populaire",N,N,18
35063,"Mississauga--Streetsville","Mississauga--Streetsville"," 605","Mississauga",N,N,"",6,0,"Melek","","Ghada","Conservative","Conservateur",N,N,403
35063,"Mississauga--Streetsville","Mississauga--Streetsville"," 605","Mississauga",N,N,"",6,0,"Sikand","","Gagan","Liberal","Libéral",Y,Y,500
35063,"Mississauga--Streetsville","Mississauga--Streetsville"," 605","Mississauga",N,N,"",6,0,"Spizzirri","","Natalie","Animal Protection Party","Parti Protection Animaux",N,N,2
35063,"Mississauga--Streetsville","Mississauga--Streetsville"," 606","Mississauga",N,N,"",7,0,"Girguis","","Samir","NDP-New Democratic Party","NPD-Nouveau Parti démocratique",N,N,122
35063,"Mississauga--Streetsville","Mississauga--Streetsville"," 606","Mississauga",N,N,"",7,0,"Hill","","Chris","Green Party","Parti Vert",N,N,83
35063,"Mississauga--Streetsville","Mississauga--Streetsville"," 606","Mississauga",N,N,"",7,0,"McIver","","Thomas","People's Party","Parti populaire",N,N,23
35063,"Mississauga--Streetsville","Mississauga--Streetsville"," 606","Mississauga",N,N,"",7,0,"Melek","","Ghada","Conservative","Conservateur",N,N,445
35063,"Mississauga--Streetsville","Mississauga--Streetsville"," 606","Mississauga",N,N,"",7,0,"Sikand","","Gagan","Liberal","Libéral",Y,Y,618
35063,"Mississauga--Streetsville","Mississauga--Streetsville"," 606","Mississauga",N,N,"",7,0,"Spizzirri","","Natalie","Animal Protection Party","Parti Protection Animaux",N,N,6
35063,"Mississauga--Streetsville","Mississauga--Streetsville"," 607","Mississauga",N,N,"",5,0,"Girguis","","Samir","NDP-New Democratic Party","NPD-Nouveau Parti démocratique",N,N,95
35063,"Mississauga--Streetsville","Mississauga--Streetsville"," 607","Mississauga",N,N,"",5,0,"Hill","","Chris","Green Party","Parti Vert",N,N,40
35063,"Mississauga--Streetsville","Mississauga--Streetsville"," 607","Mississauga",N,N,"",5,0,"McIver","","Thomas","People's Party","Parti populaire",N,N,8
35063,"Mississauga--Streetsville","Mississauga--Streetsville"," 607","Mississauga",N,N,"",5,0,"Melek","","Ghada","Conservative","Conservateur",N,N,252
35063,"Mississauga--Streetsville","Mississauga--Streetsville"," 607","Mississauga",N,N,"",5,0,"Sikand","","Gagan","Liberal","Libéral",Y,Y,392
35063,"Mississauga--Streetsville","Mississauga--Streetsville"," 607","Mississauga",N,N,"",5,0,"Spizzirri","","Natalie","Animal Protection Party","Parti Protection Animaux",N,N,4
35063,"Mississauga--Streetsville","Mississauga--Streetsville"," 608","Mississauga",N,N,"",6,0,"Girguis","","Samir","NDP-New Democratic Party","NPD-Nouveau Parti démocratique",N,N,108
35063,"Mississauga--Streetsville","Mississauga--Streetsville"," 608","Mississauga",N,N,"",6,0,"Hill","","Chris","Green Party","Parti Vert",N,N,42
35063,"Mississauga--Streetsville","Mississauga--Streetsville"," 608","Mississauga",N,N,"",6,0,"McIver","","Thomas","People's Party","Parti populaire",N,N,14
35063,"Mississauga--Streetsville","Mississauga--Streetsville"," 608","Mississauga",N,N,"",6,0,"Melek","","Ghada","Conservative","Conservateur",N,N,430
35063,"Mississauga--Streetsville","Mississauga--Streetsville"," 608","Mississauga",N,N,"",6,0,"Sikand","","Gagan","Liberal","Libéral",Y,Y,655
35063,"Mississauga--Streetsville","Mississauga--Streetsville"," 608","Mississauga",N,N,"",6,0,"Spizzirri","","Natalie","Animal Protection Party","Parti Protection Animaux",N,N,4
35063,"Mississauga--Streetsville","Mississauga--Streetsville"," 609","Mississauga",N,N,"",1,0,"Girguis","","Samir","NDP-New Democratic Party","NPD-Nouveau Parti démocratique",N,N,104
35063,"Mississauga--Streetsville","Mississauga--Streetsville"," 609","Mississauga",N,N,"",1,0,"Hill","","Chris","Green Party","Parti Vert",N,N,47
35063,"Mississauga--Streetsville","Mississauga--Streetsville"," 609","Mississauga",N,N,"",1,0,"McIver","","Thomas","People's Party","Parti populaire",N,N,12
35063,"Mississauga--Streetsville","Mississauga--Streetsville"," 609","Mississauga",N,N,"",1,0,"Melek","","Ghada","Conservative","Conservateur",N,N,394
35063,"Mississauga--Streetsville","Mississauga--Streetsville"," 609","Mississauga",N,N,"",1,0,"Sikand","","Gagan","Liberal","Libéral",Y,Y,642
35063,"Mississauga--Streetsville","Mississauga--Streetsville"," 609","Mississauga",N,N,"",1,0,"Spizzirri","","Natalie","Animal Protection Party","Parti Protection Animaux",N,N,2
35063,"Mississauga--Streetsville","Mississauga--Streetsville"," 610","Mississauga",N,N,"",5,0,"Girguis","","Samir","NDP-New Democratic Party","NPD-Nouveau Parti démocratique",N,N,125
35063,"Mississauga--Streetsville","Mississauga--Streetsville"," 610","Mississauga",N,N,"",5,0,"Hill","","Chris","Green Party","Parti Vert",N,N,68
35063,"Mississauga--Streetsville","Mississauga--Streetsville"," 610","Mississauga",N,N,"",5,0,"McIver","","Thomas","People's Party","Parti populaire",N,N,11
35063,"Mississauga--Streetsville","Mississauga--Streetsville"," 610","Mississauga",N,N,"",5,0,"Melek","","Ghada","Conservative","Conservateur",N,N,403
35063,"Mississauga--Streetsville","Mississauga--Streetsville"," 610","Mississauga",N,N,"",5,0,"Sikand","","Gagan","Liberal","Libéral",Y,Y,664
35063,"Mississauga--Streetsville","Mississauga--Streetsville"," 610","Mississauga",N,N,"",5,0,"Spizzirri","","Natalie","Animal Protection Party","Parti Protection Animaux",N,N,5
35063,"Mississauga--Streetsville","Mississauga--Streetsville"," 611","Mississauga",N,N,"",1,0,"Girguis","","Samir","NDP-New Democratic Party","NPD-Nouveau Parti démocratique",N,N,66
35063,"Mississauga--Streetsville","Mississauga--Streetsville"," 611","Mississauga",N,N,"",1,0,"Hill","","Chris","Green Party","Parti Vert",N,N,27
35063,"Mississauga--Streetsville","Mississauga--Streetsville"," 611","Mississauga",N,N,"",1,0,"McIver","","Thomas","People's Party","Parti populaire",N,N,6
35063,"Mississauga--Streetsville","Mississauga--Streetsville"," 611","Mississauga",N,N,"",1,0,"Melek","","Ghada","Conservative","Conservateur",N,N,247
35063,"Mississauga--Streetsville","Mississauga--Streetsville"," 611","Mississauga",N,N,"",1,0,"Sikand","","Gagan","Liberal","Libéral",Y,Y,333
35063,"Mississauga--Streetsville","Mississauga--Streetsville"," 611","Mississauga",N,N,"",1,0,"Spizzirri","","Natalie","Animal Protection Party","Parti Protection Animaux",N,N,2
35063,"Mississauga--Streetsville","Mississauga--Streetsville"," 612","Mississauga",N,N,"",5,0,"Girguis","","Samir","NDP-New Democratic Party","NPD-Nouveau Parti démocratique",N,N,86
35063,"Mississauga--Streetsville","Mississauga--Streetsville"," 612","Mississauga",N,N,"",5,0,"Hill","","Chris","Green Party","Parti Vert",N,N,53
35063,"Mississauga--Streetsville","Mississauga--Streetsville"," 612","Mississauga",N,N,"",5,0,"McIver","","Thomas","People's Party","Parti populaire",N,N,10
35063,"Mississauga--Streetsville","Mississauga--Streetsville"," 612","Mississauga",N,N,"",5,0,"Melek","","Ghada","Conservative","Conservateur",N,N,325
35063,"Mississauga--Streetsville","Mississauga--Streetsville"," 612","Mississauga",N,N,"",5,0,"Sikand","","Gagan","Liberal","Libéral",Y,Y,552
35063,"Mississauga--Streetsville","Mississauga--Streetsville"," 612","Mississauga",N,N,"",5,0,"Spizzirri","","Natalie","Animal Protection Party","Parti Protection Animaux",N,N,4
35063,"Mississauga--Streetsville","Mississauga--Streetsville"," 613","Mississauga",N,N,"",5,0,"Girguis","","Samir","NDP-New Democratic Party","NPD-Nouveau Parti démocratique",N,N,115
35063,"Mississauga--Streetsville","Mississauga--Streetsville"," 613","Mississauga",N,N,"",5,0,"Hill","","Chris","Green Party","Parti Vert",N,N,51
35063,"Mississauga--Streetsville","Mississauga--Streetsville"," 613","Mississauga",N,N,"",5,0,"McIver","","Thomas","People's Party","Parti populaire",N,N,17
35063,"Mississauga--Streetsville","Mississauga--Streetsville"," 613","Mississauga",N,N,"",5,0,"Melek","","Ghada","Conservative","Conservateur",N,N,482
35063,"Mississauga--Streetsville","Mississauga--Streetsville"," 613","Mississauga",N,N,"",5,0,"Sikand","","Gagan","Liberal","Libéral",Y,Y,758
35063,"Mississauga--Streetsville","Mississauga--Streetsville"," 613","Mississauga",N,N,"",5,0,"Spizzirri","","Natalie","Animal Protection Party","Parti Protection Animaux",N,N,4
35063,"Mississauga--Streetsville","Mississauga--Streetsville"," 614","Mississauga",N,N,"",14,0,"Girguis","","Samir","NDP-New Democratic Party","NPD-Nouveau Parti démocratique",N,N,102
35063,"Mississauga--Streetsville","Mississauga--Streetsville"," 614","Mississauga",N,N,"",14,0,"Hill","","Chris","Green Party","Parti Vert",N,N,27
35063,"Mississauga--Streetsville","Mississauga--Streetsville"," 614","Mississauga",N,N,"",14,0,"McIver","","Thomas","People's Party","Parti populaire",N,N,6
35063,"Mississauga--Streetsville","Mississauga--Streetsville"," 614","Mississauga",N,N,"",14,0,"Melek","","Ghada","Conservative","Conservateur",N,N,325
35063,"Mississauga--Streetsville","Mississauga--Streetsville"," 614","Mississauga",N,N,"",14,0,"Sikand","","Gagan","Liberal","Libéral",Y,Y,619
35063,"Mississauga--Streetsville","Mississauga--Streetsville"," 614","Mississauga",N,N,"",14,0,"Spizzirri","","Natalie","Animal Protection Party","Parti Protection Animaux",N,N,4
35063,"Mississauga--Streetsville","Mississauga--Streetsville"," S/R 1","SVR Group 1/RÉS Groupe 1",N,N,"",5,241,"Girguis","","Samir","NDP-New Democratic Party","NPD-Nouveau Parti démocratique",N,N,14
35063,"Mississauga--Streetsville","Mississauga--Streetsville"," S/R 1","SVR Group 1/RÉS Groupe 1",N,N,"",5,241,"Hill","","Chris","Green Party","Parti Vert",N,N,10
35063,"Mississauga--Streetsville","Mississauga--Streetsville"," S/R 1","SVR Group 1/RÉS Groupe 1",N,N,"",5,241,"McIver","","Thomas","People's Party","Parti populaire",N,N,3
35063,"Mississauga--Streetsville","Mississauga--Streetsville"," S/R 1","SVR Group 1/RÉS Groupe 1",N,N,"",5,241,"Melek","","Ghada","Conservative","Conservateur",N,N,31
35063,"Mississauga--Streetsville","Mississauga--Streetsville"," S/R 1","SVR Group 1/RÉS Groupe 1",N,N,"",5,241,"Sikand","","Gagan","Liberal","Libéral",Y,Y,98
35063,"Mississauga--Streetsville","Mississauga--Streetsville"," S/R 1","SVR Group 1/RÉS Groupe 1",N,N,"",5,241,"Spizzirri","","Natalie","Animal Protection Party","Parti Protection Animaux",N,N,0
35063,"Mississauga--Streetsville","Mississauga--Streetsville"," S/R 2","SVR Group 2/RÉS Groupe 2",N,N,"",59,0,"Girguis","","Samir","NDP-New Democratic Party","NPD-Nouveau Parti démocratique",N,N,215
35063,"Mississauga--Streetsville","Mississauga--Streetsville"," S/R 2","SVR Group 2/RÉS Groupe 2",N,N,"",59,0,"Hill","","Chris","Green Party","Parti Vert",N,N,107
35063,"Mississauga--Streetsville","Mississauga--Streetsville"," S/R 2","SVR Group 2/RÉS Groupe 2",N,N,"",59,0,"McIver","","Thomas","People's Party","Parti populaire",N,N,19
35063,"Mississauga--Streetsville","Mississauga--Streetsville"," S/R 2","SVR Group 2/RÉS Groupe 2",N,N,"",59,0,"Melek","","Ghada","Conservative","Conservateur",N,N,435
35063,"Mississauga--Streetsville","Mississauga--Streetsville"," S/R 2","SVR Group 2/RÉS Groupe 2",N,N,"",59,0,"Sikand","","Gagan","Liberal","Libéral",Y,Y,769
35063,"Mississauga--Streetsville","Mississauga--Streetsville"," S/R 2","SVR Group 2/RÉS Groupe 2",N,N,"",59,0,"Spizzirri","","Natalie","Animal Protection Party","Parti Protection Animaux",N,N,2
